============== BHHH ===============

Size = 16
Data size = 136
[ 232.181 2540.37 402.215 -15.6831 4668.77 -214.977 -1624.12 -160.177 -33.1653 -3.83861 -33.72 -88.7092 -2725.36 -30.2944 -47.4219 130.297 ;
2540.37 125233 4584.11 12471.1 79885.8 -2459.48 -52848 -1710.78 -447.422 -27.0316 -229.712 -1157.2 -56758.9 -162.973 -127.249 883.986 ;
402.215 4584.11 990.941 334.229 8300.15 -516.343 -3190.02 -395.64 -75.0058 -8.39586 -88.8091 -205.943 -5459.08 232.55 133.797 -291.002 ;
-15.6831 12471.1 334.229 9847.16 2480.21 -162.57 -12403.5 -161.282 -27.6197 12.8295 -58.9492 -61.9782 -10375.6 306.416 623.54 -1866.78 ;
4668.77 79885.8 8300.15 2480.21 115597 -4435.33 -49342.6 -3290.91 -697.645 -72.1044 -665.509 -1932.88 -70135.7 -427.581 -691.049 2328.67 ;
-214.977 -2459.48 -516.343 -162.57 -4435.33 279.044 1686.3 211.396 42.0239 4.78508 45.4609 115.503 2906.53 -131.73 -75.7125 158.067 ;
-1624.12 -52848 -3190.02 -12403.5 -49342.6 1686.3 37903.9 1299.1 266.729 12.6137 313.084 730.976 39799.5 -102.383 -239.515 586.759 ;
-160.177 -1710.78 -395.64 -161.282 -3290.91 211.396 1299.1 211.396 0 0 38.9642 84.6259 2193.12 -104.442 -50.244 115.991 ;
-33.1653 -447.422 -75.0058 -27.6197 -697.645 42.0239 266.729 0 42.0239 0 5.9127 23.8539 459.586 -19.3958 -17.5267 29.793 ;
-3.83861 -27.0316 -8.39586 12.8295 -72.1044 4.78508 12.6137 0 0 4.78508 0.179254 2.69735 31.6162 -2.47968 -1.34302 1.61178 ;
-33.72 -229.712 -88.8091 -58.9492 -665.509 45.4609 313.084 38.9642 5.9127 0.179254 45.4609 0 476.763 -19.5713 -16.6096 32.2564 ;
-88.7092 -1157.2 -205.943 -61.9782 -1932.88 115.503 730.976 84.6259 23.8539 2.69735 0 115.503 1247.73 -59.904 -32.4222 72.3991 ;
-2725.36 -56758.9 -5459.08 -10375.6 -70135.7 2906.53 39799.5 2193.12 459.586 31.6162 476.763 1247.73 51510.8 -306.566 -685.596 1495.41 ;
-30.2944 -162.973 232.55 306.416 -427.581 -131.73 -102.383 -104.442 -19.3958 -2.47968 -19.5713 -59.904 -306.566 416.339 192.183 -439.539 ;
-47.4219 -127.249 133.797 623.54 -691.049 -75.7125 -239.515 -50.244 -17.5267 -1.34302 -16.6096 -32.4222 -685.596 192.183 624.163 -1427.16 ;
130.297 883.986 -291.002 -1866.78 2328.67 158.067 586.759 115.991 29.793 1.61178 32.2564 72.3991 1495.41 -439.539 -1427.16 4263.35 ;
]

============== Hessian ===============

Size = 16
Data size = 136
[ 255.996 2295.4 431.792 -324.539 5076.64 -233.449 -1372.94 -176.435 -32.7919 -4.81992 -37.9885 -101.726 -2685.01 -42.9223 -49.5629 87.1102 ;
2295.4 59360.5 4082.96 1035.25 64003.1 -2218.92 -29379.9 -1699.67 -228.708 -25.2397 -321.244 -1001.48 -38943.4 -138.701 -228.143 439.85 ;
431.792 4082.96 1003.86 -294.206 8951.71 -525.075 -2644.98 -404.113 -70.2121 -9.65957 -89.5767 -220.768 -5302.44 188.967 144.071 -262.376 ;
-324.539 1035.25 -294.206 3911.68 -5461.31 158.755 -2418.95 103.509 23.3068 11.9266 22.692 66.5002 -878.086 283.593 570.914 -1160.92 ;
5076.64 64003.1 8951.71 -5461.31 123577 -4825.92 -41114.9 -3679.67 -640.666 -101.409 -779.324 -2187.63 -68404.8 -443.032 -757.981 1430.27 ;
-233.449 -2218.92 -525.075 158.755 -4825.92 285.684 1425.71 216.908 39.987 5.77298 46.5601 124.769 2860.04 -106.843 -80.6849 145.574 ;
-1372.94 -29379.9 -2644.98 -2418.95 -41114.9 1425.71 21842 1129 170.794 22.3113 234.199 665.552 27016.6 -92.1864 -176.886 367.982 ;
-176.435 -1699.67 -404.113 103.509 -3679.67 216.908 1129 216.908 0 0 39.5879 90.9658 2189.6 -83.6034 -55.5265 104.158 ;
-32.7919 -228.708 -70.2121 23.3068 -640.666 39.987 170.794 0 39.987 0 5.68323 25.3813 381.734 -14.5579 -14.7509 23.6725 ;
-4.81992 -25.2397 -9.65957 11.9266 -101.409 5.77298 22.3113 0 0 5.77298 0.776524 3.83449 52.9329 -1.67905 -2.58696 4.23328 ;
-37.9885 -321.244 -89.5767 22.692 -779.324 46.5601 234.199 39.5879 5.68323 0.776524 46.5601 0 465.563 -17.3305 -12.1969 22.7297 ;
-101.726 -1001.48 -220.768 66.5002 -2187.63 124.769 665.552 90.9658 25.3813 3.83449 0 124.769 1296.68 -46.436 -35.2746 65.2457 ;
-2685.01 -38943.4 -5302.44 -878.086 -68404.8 2860.04 27016.6 2189.6 381.734 52.9329 465.563 1296.68 42806.9 -311.316 -599.946 1135.35 ;
-42.9223 -138.701 188.967 283.593 -443.032 -106.843 -92.1864 -83.6034 -14.5579 -1.67905 -17.3305 -46.436 -311.316 394.712 225.701 -389.141 ;
-49.5629 -228.143 144.071 570.914 -757.981 -80.6849 -176.886 -55.5265 -14.7509 -2.58696 -12.1969 -35.2746 -599.946 225.701 481.499 -908.056 ;
87.1102 439.85 -262.376 -1160.92 1430.27 145.574 367.982 104.158 23.6725 4.23328 22.7297 65.2457 1135.35 -389.141 -908.056 2174.2 ;
]

