============== BHHH ===============

Size = 14
Data size = 105
[ 240.695 23516.1 2416.36 409.422 -219.382 -10951.9 -1604.6 -162.631 -34.054 -4.35023 -34.412 -90.5688 -259.771 -37.2502 ;
23516.1 3.87319e+06 449213 42038.4 -22481.8 -1.8818e+06 -296232 -16637.3 -3534.28 -407.753 -3478.98 -9938.81 -16075 -1898.24 ;
2416.36 449213 89397.1 4296.22 -2328.7 -257221 -42634.6 -1711.05 -290.578 -28.7603 -224.409 -1054.24 -1063.47 -171.809 ;
409.422 42038.4 4296.22 1002.56 -523.337 -21623.4 -3142.99 -398.619 -76.121 -9.15018 -88.5828 -210.128 644.722 235.718 ;
-219.382 -22481.8 -2328.7 -523.337 283.723 11493.2 1670.25 213.271 42.9904 5.42202 45.4436 118.155 -351.451 -134.428 ;
-10951.9 -1.8818e+06 -257221 -21623.4 11493.2 1.33249e+06 209723 8879.71 1664.98 103.821 1945.97 4961.19 -10947.9 -880.937 ;
-1604.6 -296232 -42634.6 -3142.99 1670.25 209723 35157.5 1310.24 228.269 13.9017 313.184 725.42 -1315.69 -109.099 ;
-162.631 -16637.3 -1711.05 -398.619 213.271 8879.71 1310.24 213.271 0 0 38.4177 86.3417 -257.714 -104.545 ;
-34.054 -3534.28 -290.578 -76.121 42.9904 1664.98 228.269 0 42.9904 0 6.5088 23.7823 -63.0012 -20.3473 ;
-4.35023 -407.753 -28.7603 -9.15018 5.42202 103.821 13.9017 0 0 5.42202 0.227899 3.24849 -5.86541 -2.74713 ;
-34.412 -3478.98 -224.409 -88.5828 45.4436 1945.97 313.184 38.4177 6.5088 0.227899 45.4436 0 -63.4319 -18.1196 ;
-90.5688 -9938.81 -1054.24 -210.128 118.155 4961.19 725.42 86.3417 23.7823 3.24849 0 118.155 -176.599 -62.507 ;
-259.771 -16075 -1063.47 644.722 -351.451 -10947.9 -1315.69 -257.714 -63.0012 -5.86541 -63.4319 -176.599 20795.7 908.957 ;
-37.2502 -1898.24 -171.809 235.718 -134.428 -880.937 -109.099 -104.545 -20.3473 -2.74713 -18.1196 -62.507 908.957 436.482 ;
]

============== Hessian ===============

Size = 14
Data size = 105
[ 270.007 25135.4 2257.95 442.069 -239.003 -9708.02 -1332.34 -180.861 -33.7682 -5.08442 -39.0251 -104.522 -204.809 -60.5837 ;
25135.4 3.89344e+06 382899 44527.2 -23931.9 -1.64497e+06 -245789 -18294.2 -3174.11 -540.942 -3858.51 -11053.2 -11142.4 -2254.47 ;
2257.95 382899 63665 3986.14 -2156.55 -190220 -29538.8 -1604.84 -273.668 -28.1122 -310.874 -997.63 -840.987 -196.23 ;
442.069 44527.2 3986.14 1037.69 -542.554 -19069.3 -2589.5 -418.091 -72.6887 -10.2045 -92.776 -227.294 597.484 202.744 ;
-239.003 -23931.9 -2156.55 -542.554 294.988 10240.3 1391.45 224.326 41.2919 6.05853 48.3427 128.183 -331.428 -113.655 ;
-9708.02 -1.64497e+06 -190220 -19069.3 10240.3 834617 127131 7831.4 1442.64 185.491 1653.92 4761.45 -5413.16 -1005.04 ;
-1332.34 -245789 -29538.8 -2589.5 1391.45 127131 20643.2 1081.47 185.558 25.2749 224.668 657.748 -586.185 -111.892 ;
-180.861 -18294.2 -1604.84 -418.091 224.326 7831.4 1081.47 224.326 0 0 41.1988 93.4126 -244.167 -88.6868 ;
-33.7682 -3174.11 -273.668 -72.6887 41.2919 1442.64 185.558 0 41.2919 0 5.74695 26.2369 -50.8591 -15.1663 ;
-5.08442 -540.942 -28.1122 -10.2045 6.05853 185.491 25.2749 0 0 6.05853 0.885525 3.88786 -7.85032 -1.75816 ;
-39.0251 -3858.51 -310.874 -92.776 48.3427 1653.92 224.668 41.1988 5.74695 0.885525 48.3427 0 -53.8852 -18.6258 ;
-104.522 -11053.2 -997.63 -227.294 128.183 4761.45 657.748 93.4126 26.2369 3.88786 0 128.183 -141.538 -46.7136 ;
-204.809 -11142.4 -840.987 597.484 -331.428 -5413.16 -586.185 -244.167 -50.8591 -7.85032 -53.8852 -141.538 5718.46 999.089 ;
-60.5837 -2254.47 -196.23 202.744 -113.655 -1005.04 -111.892 -88.6868 -15.1663 -1.75816 -18.6258 -46.7136 999.089 455.991 ;
]

