Iter 0

Size = 9
Data size = 45
[ 423.556 45694.2 7985.34 -211.778 -8614.11 -1219.52 -104.778 -8551.32 -104.778 ;
45694.2 8.0986e+06 1.53738e+06 -22847.1 -1.60927e+06 -245320 -11741.3 -1.76936e+06 -11741.3 ;
7985.34 1.53738e+06 387652 -3992.67 -361167 -58283.5 -2135.06 -427623 -2135.06 ;
-211.778 -22847.1 -3992.67 423.556 17228.2 2439.04 209.556 -8551.32 -104.778 ;
-8614.11 -1.60927e+06 -361167 17228.2 1.66043e+06 260809 9154.44 -955197 -4577.22 ;
-1219.52 -245320 -58283.5 2439.04 260809 43462.3 1315.09 -158530 -657.544 ;
-104.778 -11741.3 -2135.06 209.556 9154.44 1315.09 209.556 -4638.6 -104.778 ;
-8551.32 -1.76936e+06 -427623 -8551.32 -955197 -158530 -4638.6 2.34976e+06 9277.2 ;
-104.778 -11741.3 -2135.06 -104.778 -4577.22 -657.544 -104.778 9277.2 209.556 ;
]
+++++++++++++
Iter 1

Size = 9
Data size = 45
[ 373.269 37032.1 6758.01 -231.192 -10608 -1565.38 -116.359 -3068.62 -68.2068 ;
37032.1 5.91162e+06 1.18521e+06 -25635 -1.97681e+06 -313214 -13473.4 -398705 -5538.16 ;
6758.01 1.18521e+06 316769 -4972.32 -494851 -82516.2 -2722.04 -73297.1 -894.175 ;
-231.192 -25635 -4972.32 452.018 17575.3 2458.94 223.151 -6018.4 -106.792 ;
-10608 -1.97681e+06 -494851 17575.3 1.49409e+06 233189 9312.68 -366160 -3554.63 ;
-1565.38 -313214 -82516.2 2458.94 233189 38826.7 1324.05 -53121.5 -463.976 ;
-116.359 -13473.4 -2722.04 223.151 9312.68 1324.05 223.151 -3142.82 -106.792 ;
-3068.62 -398705 -73297.1 -6018.4 -366160 -53121.5 -3142.82 539238 4719.2 ;
-68.2068 -5538.16 -894.175 -106.792 -3554.63 -463.976 -106.792 4719.2 174.998 ;
]
+++++++++++++
Iter 2

Size = 9
Data size = 45
[ 312.055 31892.6 5870.3 -253.287 -11106.5 -1589.68 -128.482 -1063.82 -20.9262 ;
31892.6 5.34165e+06 1.04574e+06 -27671 -2.01977e+06 -308499 -14651.5 -122626 -1498.97 ;
5870.3 1.04574e+06 261670 -5204.97 -445300 -70599.8 -2879.57 -21176.9 -248.721 ;
-253.287 -27671 -5204.97 423.977 15132.7 2070.42 199.715 -3129.35 -71.2328 ;
-11106.5 -2.01977e+06 -445300 15132.7 1.1728e+06 174905 7841.24 -128267 -1684.36 ;
-1589.68 -308499 -70599.8 2070.42 174905 27439.9 1101.12 -16514.6 -202.239 ;
-128.482 -14651.5 -2879.57 199.715 7841.24 1101.12 199.715 -1322.41 -71.2328 ;
-1063.82 -122626 -21176.9 -3129.35 -128267 -16514.6 -1322.41 156144 1718.73 ;
-20.9262 -1498.97 -248.721 -71.2328 -1684.36 -202.239 -71.2328 1718.73 92.159 ;
]
+++++++++++++
Iter 3

Size = 9
Data size = 45
[ 309.695 30837.1 5619.21 -266.94 -11420.4 -1616.82 -132.969 -519.759 -14.8252 ;
30837.1 5.01235e+06 974926 -28380.4 -1.99192e+06 -302735 -14809.8 -44651.8 -830.622 ;
5619.21 974926 242201 -5251.33 -430331 -68179 -2877.89 -6789.12 -134.931 ;
-266.94 -28380.4 -5251.33 397.594 13815.6 1889.09 186.264 -1700.99 -53.2952 ;
-11420.4 -1.99192e+06 -430331 13815.6 1.02677e+06 154529 7215.04 -50964.7 -952.427 ;
-1616.82 -302735 -68179 1889.09 154529 24541.7 1013.21 -6010.65 -108.013 ;
-132.969 -14809.8 -2877.89 186.264 7215.04 1013.21 186.264 -674.995 -53.2952 ;
-519.759 -44651.8 -6789.12 -1700.99 -50964.7 -6010.65 -674.995 51277.3 851.796 ;
-14.8252 -830.622 -134.931 -53.2952 -952.427 -108.013 -53.2952 851.796 68.1204 ;
]
+++++++++++++
Iter 4

Size = 9
Data size = 45
[ 338.907 33483 6209.26 -302.251 -12926.5 -1826.85 -148.962 -341.455 -13.1735 ;
33483 5.42862e+06 1.10208e+06 -31658.3 -2.27723e+06 -349710 -16238.1 -24631.6 -635.843 ;
6209.26 1.10208e+06 285618 -5932.17 -514394 -84052.3 -3180.28 -3652.1 -107.664 ;
-302.251 -31658.3 -5932.17 396.439 14287.1 1977.01 187.697 -904.089 -38.7356 ;
-12926.5 -2.27723e+06 -514394 14287.1 1.15684e+06 181729 7458.84 -21111.9 -541.759 ;
-1826.85 -349710 -84052.3 1977.01 181729 30137.8 1056.41 -2347.17 -59.4872 ;
-148.962 -16238.1 -3180.28 187.697 7458.84 1056.41 187.697 -357.005 -38.7356 ;
-341.455 -24631.6 -3652.1 -904.089 -21111.9 -2347.17 -357.005 20264.6 474.039 ;
-13.1735 -635.843 -107.664 -38.7356 -541.759 -59.4872 -38.7356 474.039 51.9091 ;
]
+++++++++++++
Iter 5

Size = 9
Data size = 45
[ 333.667 32300 5969.22 -305.648 -12609.3 -1767.72 -149.718 -204.826 -10.417 ;
32300 5.13531e+06 1.03506e+06 -31110.1 -2.15911e+06 -329686 -15971.3 -12641.3 -429.236 ;
5969.22 1.03506e+06 267794 -5783.37 -479230 -77695 -3117.07 -1899.6 -77.8544 ;
-305.648 -31110.1 -5783.37 379.76 13491.4 1864.76 180.605 -568.945 -30.8866 ;
-12609.3 -2.15911e+06 -479230 13491.4 1.06335e+06 165856 7111.71 -11162.7 -354.833 ;
-1767.72 -329686 -77695 1864.76 165856 27391 1008.75 -1221.33 -38.6871 ;
-149.718 -15971.3 -3117.07 180.605 7111.71 1008.75 180.605 -225.484 -30.8866 ;
-204.826 -12641.3 -1899.6 -568.945 -11162.7 -1221.33 -225.484 10134.6 297.388 ;
-10.417 -429.236 -77.8544 -30.8866 -354.833 -38.6871 -30.8866 297.388 41.3035 ;
]
+++++++++++++
Iter 6

Size = 9
Data size = 45
[ 336.397 32183.6 5938.73 -310.746 -12616.2 -1763.61 -152.213 -165.016 -10.0193 ;
32183.6 5.06685e+06 1.02397e+06 -31178.2 -2.14143e+06 -326838 -16015.2 -9421.04 -382.348 ;
5938.73 1.02397e+06 265018 -5780.34 -475939 -77284 -3108.08 -1430.39 -69.7313 ;
-310.746 -31178.2 -5780.34 376.193 13312.3 1840.29 180.171 -442.474 -27.9573 ;
-12616.2 -2.14143e+06 -475939 13312.3 1.04974e+06 164238 7033.85 -7884.84 -287.65 ;
-1763.61 -326838 -77284 1840.29 164238 27179.3 996.898 -856.112 -31.3475 ;
-152.213 -16015.2 -3108.08 180.171 7033.85 996.898 180.171 -179.576 -27.9573 ;
-165.016 -9421.04 -1430.39 -442.474 -7884.84 -856.112 -179.576 7083.21 240.46 ;
-10.0193 -382.348 -69.7313 -27.9573 -287.65 -31.3475 -27.9573 240.46 37.9766 ;
]
+++++++++++++
Iter 7

Size = 9
Data size = 45
[ 333.709 32262.5 5954.51 -307.98 -12667.9 -1771.62 -150.435 -152.974 -11.3773 ;
32262.5 5.11139e+06 1.02965e+06 -31296.5 -2.1558e+06 -328824 -16144.4 -8342.71 -421.204 ;
5954.51 1.02965e+06 266152 -5797.94 -477369 -77412.6 -3128.16 -1296 -78.9158 ;
-307.98 -31296.5 -5797.94 375.929 13338.8 1845.64 182.305 -422.664 -31.87 ;
-12667.9 -2.1558e+06 -477369 13338.8 1.05307e+06 164565 7106.53 -7037.79 -309.584 ;
-1771.62 -328824 -77412.6 1845.64 164565 27211.3 1007.18 -761.82 -33.7613 ;
-150.435 -16144.4 -3128.16 182.305 7106.53 1007.18 182.305 -191.659 -31.87 ;
-152.974 -8342.71 -1296 -422.664 -7037.79 -761.82 -191.659 6215.31 256.797 ;
-11.3773 -421.204 -78.9158 -31.87 -309.584 -33.7613 -31.87 256.797 43.2473 ;
]
+++++++++++++
Iter 8

Size = 9
Data size = 45
[ 334.504 32228 5947.9 -308.589 -12650.9 -1768.35 -149.446 -152.151 -11.0985 ;
32228 5.09187e+06 1.02665e+06 -31262.8 -2.1489e+06 -327704 -15987.4 -8231.65 -406.291 ;
5947.9 1.02665e+06 265627 -5791.83 -476227 -77195.5 -3108.18 -1276.96 -76.5299 ;
-308.589 -31262.8 -5791.83 375.804 13308.6 1840.93 180.872 -413.867 -31.4253 ;
-12650.9 -2.1489e+06 -476227 13308.6 1.0499e+06 164010 7052.88 -6834.36 -301.711 ;
-1768.35 -327704 -77195.5 1840.93 164010 27112.8 1000.13 -739.528 -32.9009 ;
-149.446 -15987.4 -3108.18 180.872 7052.88 1000.13 180.872 -186.401 -31.4253 ;
-152.151 -8231.65 -1276.96 -413.867 -6834.36 -739.528 -186.401 6049.09 248.898 ;
-11.0985 -406.291 -76.5299 -31.4253 -301.711 -32.9009 -31.4253 248.898 42.5237 ;
]
+++++++++++++
Iter 9

Size = 9
Data size = 45
[ 334.269 32227.8 5948.28 -308.223 -12652.1 -1768.55 -149.124 -151.765 -11.2168 ;
32227.8 5.09331e+06 1.02689e+06 -31261.8 -2.14942e+06 -327775 -15978.7 -8170.76 -409.167 ;
5948.28 1.02689e+06 265684 -5791.75 -476305 -77205.8 -3107.02 -1270.1 -77.2863 ;
-308.223 -31261.8 -5791.75 375.839 13308.9 1841.06 180.925 -412.998 -31.801 ;
-12652.1 -2.14942e+06 -476305 13308.9 1.05002e+06 164027 7053.18 -6772.37 -303.465 ;
-1768.55 -327775 -77205.8 1841.06 164027 27115.5 1000.21 -732.581 -33.0954 ;
-149.124 -15978.7 -3107.02 180.925 7053.18 1000.21 180.925 -187.311 -31.801 ;
-151.765 -8170.76 -1270.1 -412.998 -6772.37 -732.581 -187.311 5987.46 250.068 ;
-11.2168 -409.167 -77.2863 -31.801 -303.465 -33.0954 -31.801 250.068 43.0179 ;
]
+++++++++++++
Iter 10

Size = 9
Data size = 45
[ 334.253 32230.2 5948.7 -308.195 -12653.4 -1768.75 -149.246 -151.721 -11.1967 ;
32230.2 5.09411e+06 1.02703e+06 -31264.2 -2.14977e+06 -327830 -15989.5 -8164.18 -408.115 ;
5948.7 1.02703e+06 265709 -5792.22 -476373 -77217.7 -3108.5 -1268.83 -77.0719 ;
-308.195 -31264.2 -5792.22 375.842 13310 1841.24 180.955 -412.845 -31.7091 ;
-12653.4 -2.14977e+06 -476373 13310 1.05017e+06 164054 7055.02 -6764.63 -302.158 ;
-1768.75 -327830 -77217.7 1841.24 164054 27120.3 1000.47 -731.716 -32.9538 ;
-149.246 -15989.5 -3108.5 180.955 7055.02 1000.47 180.955 -186.469 -31.7091 ;
-151.721 -8164.18 -1268.83 -412.845 -6764.63 -731.716 -186.469 5980.17 249.018 ;
-11.1967 -408.115 -77.0719 -31.7091 -302.158 -32.9538 -31.7091 249.018 42.9058 ;
]
+++++++++++++
Iter 11

Size = 9
Data size = 45
[ 334.253 32230.2 5948.7 -308.195 -12653.4 -1768.75 -149.246 -151.72 -11.1966 ;
32230.2 5.09411e+06 1.02703e+06 -31264.2 -2.14977e+06 -327830 -15989.5 -8164.1 -408.112 ;
5948.7 1.02703e+06 265709 -5792.22 -476373 -77217.7 -3108.5 -1268.82 -77.0714 ;
-308.195 -31264.2 -5792.22 375.842 13310 1841.24 180.955 -412.842 -31.709 ;
-12653.4 -2.14977e+06 -476373 13310 1.05017e+06 164054 7055.01 -6764.56 -302.155 ;
-1768.75 -327830 -77217.7 1841.24 164054 27120.3 1000.47 -731.709 -32.9536 ;
-149.246 -15989.5 -3108.5 180.955 7055.01 1000.47 180.955 -186.467 -31.709 ;
-151.72 -8164.1 -1268.82 -412.842 -6764.56 -731.709 -186.467 5980.11 249.016 ;
-11.1966 -408.112 -77.0714 -31.709 -302.155 -32.9536 -31.709 249.016 42.9056 ;
]
+++++++++++++
