Iter 0

Size = 14
Data size = 105
[ 423.556 45694.2 4703.76 369.444 -211.778 -8614.11 -1219.52 -162 -24.7778 -11.6667 -33.4444 -104.778 -8551.32 -409.889 ;
45694.2 8.0986e+06 873674 39698 -22847.1 -1.60927e+06 -245320 -17823 -2508.22 -1102.44 -3667.89 -11855.8 -1.76936e+06 -41077.4 ;
4703.76 873674 162386 4015.04 -2351.88 -183605 -28728.3 -1887.04 -197.567 -59.9722 -325.6 -1273.78 -208673 -4390.07 ;
369.444 39698 4015.04 1369.56 -738.889 -30706 -4350.18 -562.667 -87.1111 -43.5556 -123.333 -346.667 15265.2 710.667 ;
-211.778 -22847.1 -2351.88 -738.889 423.556 17228.2 2439.04 324 49.5556 23.3333 66.8889 209.556 -8551.32 -409.889 ;
-8614.11 -1.60927e+06 -183605 -30706 17228.2 1.66043e+06 260809 12835.3 2488.22 913.778 2888.89 8626 -955197 -15503 ;
-1219.52 -245320 -28728.3 -4350.18 2439.04 260809 43462.3 1821.88 354.962 129.167 422.696 1225.3 -158530 -2205.4 ;
-162 -17823 -1887.04 -562.667 324 12835.3 1821.88 324 0 0 56.8889 161.556 -6375.16 -314.778 ;
-24.7778 -2508.22 -197.567 -87.1111 49.5556 2488.22 354.962 0 49.5556 0 7.33333 29.7778 -1263.92 -47.1111 ;
-11.6667 -1102.44 -59.9722 -43.5556 23.3333 913.778 129.167 0 0 23.3333 2 12 -454.122 -21.5556 ;
-33.4444 -3667.89 -325.6 -123.333 66.8889 2888.89 422.696 56.8889 7.33333 2 66.8889 0 -1489.48 -61.6667 ;
-104.778 -11855.8 -1273.78 -346.667 209.556 8626 1225.3 161.556 29.7778 12 0 209.556 -4276.74 -193 ;
-8551.32 -1.76936e+06 -208673 15265.2 -8551.32 -955197 -158530 -6375.16 -1263.92 -454.122 -1489.48 -4276.74 2.34976e+06 30989 ;
-409.889 -41077.4 -4390.07 710.667 -409.889 -15503 -2205.4 -314.778 -47.1111 -21.5556 -61.6667 -193 30989 2175.78 ;
]
+++++++++++++
Iter 1

Size = 14
Data size = 105
[ 313.527 31625.4 2831.07 449.333 -258.038 -10149.8 -1443.03 -193.869 -32.5969 -15.8546 -40.6306 -123.926 -2139.58 -94.1196 ;
31625.4 5.29944e+06 498760 45376.4 -26086.4 -1.80818e+06 -277940 -19834 -3185.91 -1520.44 -4190.34 -13043.7 -412204 -8455.77 ;
2831.07 498760 76848.2 3958.31 -2323.31 -183048 -29702.7 -1854.64 -197.465 -64.7124 -347.11 -1171.13 -46567.4 -804.757 ;
449.333 45376.4 3958.31 1338.66 -725.285 -27472.9 -3817.47 -545.658 -87.6658 -45.3643 -120.537 -335.561 8551.06 450.479 ;
-258.038 -26086.4 -2323.31 -725.285 418.597 15596 2169.26 316.622 50.1895 24.3974 65.8045 204.866 -4969.64 -264.135 ;
-10149.8 -1.80818e+06 -183048 -27472.9 15596 1.29278e+06 198859 11646.8 2073.79 881.686 2471.9 7791.19 -362400 -7742.26 ;
-1443.03 -277940 -29702.7 -3817.47 2169.26 198859 32115.8 1632.22 280.689 122.158 341.964 1085.77 -56174.5 -1038.47 ;
-193.869 -19834 -1854.64 -545.658 316.622 11646.8 1632.22 316.622 0 0 55.8661 156.096 -3892.38 -202.8 ;
-32.5969 -3185.91 -197.465 -87.6658 50.1895 2073.79 280.689 0 50.1895 0 7.16251 29.9843 -452.904 -29.0118 ;
-15.8546 -1520.44 -64.7124 -45.3643 24.3974 881.686 122.158 0 0 24.3974 2.09831 12.6317 -203.092 -13.1317 ;
-40.6306 -4190.34 -347.11 -120.537 65.8045 2471.9 341.964 55.8661 7.16251 2.09831 65.8045 0 -743.725 -38.5758 ;
-123.926 -13043.7 -1171.13 -335.561 204.866 7791.19 1085.77 156.096 29.9843 12.6317 0 204.866 -2625.43 -126.368 ;
-2139.58 -412204 -46567.4 8551.06 -4969.64 -362400 -56174.5 -3892.38 -452.904 -203.092 -743.725 -2625.43 676771 10409.5 ;
-94.1196 -8455.77 -804.757 450.479 -264.135 -7742.26 -1038.47 -202.8 -29.0118 -13.1317 -38.5758 -126.368 10409.5 938.111 ;
]
+++++++++++++
Iter 2

Size = 14
Data size = 105
[ 304.254 29879.1 2624.35 450.602 -252.303 -10027.2 -1416.7 -188.934 -31.0542 -13.5824 -42.0353 -110.929 -1265.99 -85.6181 ;
29879.1 4.88037e+06 453153 45778.6 -25563.6 -1.7842e+06 -274080 -19693.6 -2751.62 -1179.99 -4354.81 -11698.9 -169735 -6341.71 ;
2624.35 453153 66349.6 4021.32 -2277.02 -187971 -30623.6 -1744.68 -201.851 -62.6298 -359.421 -1026.82 -14513.8 -521.989 ;
450.602 45778.6 4021.32 1160.04 -618.455 -23330.4 -3212.89 -464.026 -73.5968 -34.065 -107.957 -262.19 4202.28 264.045 ;
-252.303 -25563.6 -2277.02 -618.455 347.662 12892.5 1775.44 259.423 42.2876 18.4651 57.9754 154.593 -2372 -150.667 ;
-10027.2 -1.7842e+06 -187971 -23330.4 12892.5 1.03692e+06 159667 9885.41 1444.73 552.516 2169.6 5961.9 -133618 -3765.86 ;
-1416.7 -274080 -30623.6 -3212.89 1775.44 159667 26230.2 1382.62 185.103 72.8453 297.326 828.852 -18655.6 -468.706 ;
-188.934 -19693.6 -1744.68 -464.026 259.423 9885.41 1382.62 259.423 0 0 50.3544 109.751 -1779.33 -110.1 ;
-31.0542 -2751.62 -201.851 -73.5968 42.2876 1444.73 185.103 0 42.2876 0 5.21927 27.584 -222.857 -18.7995 ;
-13.5824 -1179.99 -62.6298 -34.065 18.4651 552.516 72.8453 0 0 18.4651 1.71253 10.799 -89.314 -7.39149 ;
-42.0353 -4354.81 -359.421 -107.957 57.9754 2169.6 297.326 50.3544 5.21927 1.71253 57.9754 0 -385.688 -23.008 ;
-110.929 -11698.9 -1026.82 -262.19 154.593 5961.9 828.852 109.751 27.584 10.799 0 154.593 -1120.67 -64.2288 ;
-1265.99 -169735 -14513.8 4202.28 -2372 -133618 -18655.6 -1779.33 -222.857 -89.314 -385.688 -1120.67 199954 4935.05 ;
-85.6181 -6341.71 -521.989 264.045 -150.667 -3765.86 -468.706 -110.1 -18.7995 -7.39149 -23.008 -64.2288 4935.05 619.413 ;
]
+++++++++++++
Iter 3

Size = 14
Data size = 105
[ 288.743 27379 2415.12 445.806 -248.325 -9728.3 -1360.95 -182.38 -31.8717 -14.3274 -41.2119 -108.181 -691.676 -67.9456 ;
27379 4.33738e+06 407628 44319.5 -24582.2 -1.68005e+06 -255433 -18440.7 -2834.89 -1257.04 -4166.47 -11187.3 -71805.3 -4188.28 ;
2415.12 407628 62225.7 3899.91 -2195.22 -181860 -29223.9 -1624.39 -217.704 -67.2232 -335.981 -983.083 -5696.91 -337.33 ;
445.806 44319.5 3899.91 1094.76 -582.207 -21010.2 -2863.1 -427.944 -73.661 -34.5215 -101.308 -243.842 2420.94 222.277 ;
-248.325 -24582.2 -2195.22 -582.207 325.932 11567.4 1576.95 238.132 42.0964 18.7488 54.1931 143.009 -1367.46 -126.987 ;
-9728.3 -1.68005e+06 -181860 -21010.2 11567.4 891958 135896 8690.35 1369.9 552.034 1923.12 5324 -54991.6 -2488.84 ;
-1360.95 -255433 -29223.9 -2863.1 1576.95 135896 22228.6 1205.87 172.832 72.7187 260.07 735.467 -6884.85 -290.593 ;
-182.38 -18440.7 -1624.39 -427.944 238.132 8690.35 1205.87 238.132 0 0 46.3944 98.6154 -986.7 -90.9158 ;
-31.8717 -2834.89 -217.704 -73.661 42.0964 1369.9 172.832 0 42.0964 0 5.29809 27.2535 -161.652 -17.3366 ;
-14.3274 -1257.04 -67.2232 -34.5215 18.7488 552.034 72.7187 0 0 18.7488 1.808 11.0051 -63.581 -6.82317 ;
-41.2119 -4166.47 -335.981 -101.308 54.1931 1923.12 260.07 46.3944 5.29809 1.808 54.1931 0 -230.963 -19.6704 ;
-108.181 -11187.3 -983.083 -243.842 143.009 5324 735.467 98.6154 27.2535 11.0051 0 143.009 -640.21 -52.9234 ;
-691.676 -71805.3 -5696.91 2420.94 -1367.46 -54991.6 -6884.85 -986.7 -161.652 -63.581 -230.963 -640.21 67927 2860.51 ;
-67.9456 -4188.28 -337.33 222.277 -126.987 -2488.84 -290.593 -90.9158 -17.3366 -6.82317 -19.6704 -52.9234 2860.51 511.377 ;
]
+++++++++++++
Iter 4

Size = 14
Data size = 105
[ 294.684 26904.8 2398.62 461.553 -256.135 -9882.31 -1367.15 -190.761 -31.4148 -13.9926 -42.6175 -113.179 -456.563 -70.8685 ;
26904.8 4.08933e+06 394474 44865.5 -24740.3 -1.66622e+06 -251143 -18528 -2871.68 -1283.06 -4121.89 -11486.3 -36905 -3654.41 ;
2398.62 394474 64372.4 3989.26 -2226.38 -189529 -29783.2 -1624.93 -248.599 -68.97 -336.324 -1021.27 -2821.17 -299.817 ;
461.553 44865.5 3989.26 1094.1 -580.873 -20248.8 -2743.48 -434.416 -70.223 -32.245 -101.28 -245.555 1451.38 219.061 ;
-256.135 -24740.3 -2226.38 -580.873 324.257 11090.8 1502.66 240.731 40.1679 17.6265 53.9074 143.357 -826.392 -125.611 ;
-9882.31 -1.66622e+06 -189529 -20248.8 11090.8 865441 132078 8325.08 1344.87 535.216 1819.56 5189.59 -24031.8 -1947.2 ;
-1367.15 -251143 -29783.2 -2743.48 1502.66 132078 21544.3 1143.89 171.814 72.1584 244.734 713.158 -2765.89 -216.934 ;
-190.761 -18528 -1624.93 -434.416 240.731 8325.08 1143.89 240.731 0 0 46.5391 100.6 -596.289 -93.0718 ;
-31.4148 -2871.68 -248.599 -70.223 40.1679 1344.87 171.814 0 40.1679 0 4.99704 26.2669 -106.274 -16.1524 ;
-13.9926 -1283.06 -68.97 -32.245 17.6265 535.216 72.1584 0 0 17.6265 1.70143 10.5608 -40.0751 -5.92512 ;
-42.6175 -4121.89 -336.324 -101.28 53.9074 1819.56 244.734 46.5391 4.99704 1.70143 53.9074 0 -137.574 -19.8346 ;
-113.179 -11486.3 -1021.27 -245.555 143.357 5189.59 713.158 100.6 26.2669 10.5608 0 143.357 -384.07 -52.2487 ;
-456.563 -36905 -2821.17 1451.38 -826.392 -24031.8 -2765.89 -596.289 -106.274 -40.0751 -137.574 -384.07 26942.8 2094.4 ;
-70.8685 -3654.41 -299.817 219.061 -125.611 -1947.2 -216.934 -93.0718 -16.1524 -5.92512 -19.8346 -52.2487 2094.4 516.881 ;
]
+++++++++++++
Iter 5

Size = 14
Data size = 105
[ 281.871 25977.6 2297.1 446.115 -246.401 -9729.2 -1344.54 -180.606 -32.346 -13.272 -40.3726 -109.501 -309.578 -73.231 ;
25977.6 3.97554e+06 378853 44303.8 -24335.7 -1.62748e+06 -244732 -17998.7 -2997.59 -1224.7 -3997.73 -11299.2 -20232.2 -3242.3 ;
2297.1 378853 59708.5 3891.28 -2163.01 -180083 -28484.3 -1564.62 -242.234 -66.251 -322.59 -987.792 -1535.06 -271.839 ;
446.115 44303.8 3891.28 1067.98 -565.693 -19431.7 -2638.9 -419.106 -72.514 -30.1998 -96.9172 -239.272 1018.11 252.051 ;
-246.401 -24335.7 -2163.01 -565.693 314.55 10617.2 1442.69 231.061 41.3337 16.5818 51.3792 138.871 -578.469 -144.574 ;
-9729.2 -1.62748e+06 -180083 -19431.7 10617.2 815634 124253 7885.93 1356.51 495.401 1718.05 4936.12 -12399.4 -1762.64 ;
-1344.54 -244732 -28484.3 -2638.9 1442.69 124253 20402.3 1092.43 170.743 65.5564 231.385 682.553 -1373.71 -194.515 ;
-180.606 -17998.7 -1564.62 -419.106 231.061 7885.93 1092.43 231.061 0 0 43.5871 96.3819 -410.224 -109.057 ;
-32.346 -2997.59 -242.234 -72.514 41.3337 1356.51 170.743 0 41.3337 0 5.42773 26.6121 -82.6517 -18.524 ;
-13.272 -1224.7 -66.251 -30.1998 16.5818 495.401 65.5564 0 0 16.5818 1.70544 10.0953 -29.8336 -5.72565 ;
-40.3726 -3997.73 -322.59 -96.9172 51.3792 1718.05 231.385 43.5871 5.42773 1.70544 51.3792 0 -92.0123 -22.7248 ;
-109.501 -11299.2 -987.792 -239.272 138.871 4936.12 682.553 96.3819 26.6121 10.0953 0 138.871 -257.241 -59.8635 ;
-309.578 -20232.2 -1535.06 1018.11 -578.469 -12399.4 -1373.71 -410.224 -82.6517 -29.8336 -92.0123 -257.241 13018 1758.66 ;
-73.231 -3242.3 -271.839 252.051 -144.574 -1762.64 -194.515 -109.057 -18.524 -5.72565 -22.7248 -59.8635 1758.66 581.624 ;
]
+++++++++++++
Iter 6

Size = 14
Data size = 105
[ 275.524 25742.8 2312.99 446.765 -242.558 -9879.09 -1359.49 -179.596 -34.2327 -8.59105 -38.5815 -108.449 -240.67 -65.213 ;
25742.8 3.98134e+06 391170 45174.7 -24384.5 -1.67251e+06 -250319 -18199.6 -3204.86 -859.098 -3841.89 -11441.8 -13915.9 -2571.56 ;
2312.99 391170 64657.5 4042.42 -2197.84 -192706 -30037.6 -1588.78 -272.589 -46.5229 -308.546 -1025.07 -1070.11 -224.489 ;
446.765 45174.7 4042.42 1063.08 -557.254 -19536 -2653.61 -420.833 -75.5814 -18.1798 -92.8496 -238.875 740.311 225.646 ;
-242.558 -24384.5 -2197.84 -557.254 304.34 10532.4 1431.65 226.504 42.7195 10.4463 48.4844 135.21 -411.718 -126.87 ;
-9879.09 -1.67251e+06 -192706 -19536 10532.4 848761 129336 7870.32 1490.45 319.829 1671.21 4953.31 -7341.79 -1248.75 ;
-1359.49 -250319 -30037.6 -2653.61 1431.65 129336 21035.8 1086.29 191.884 43.1933 227.196 682.76 -798.169 -138.068 ;
-179.596 -18199.6 -1588.78 -420.833 226.504 7870.32 1086.29 226.504 0 0 40.4397 96.6057 -296.806 -97.1767 ;
-34.2327 -3204.86 -272.589 -75.5814 42.7195 1490.45 191.884 0 42.7195 0 6.06028 26.6285 -62.3483 -17.2088 ;
-8.59105 -859.098 -46.5229 -18.1798 10.4463 319.829 43.1933 0 0 10.4463 1.38587 6.39909 -15.136 -3.24821 ;
-38.5815 -3841.89 -308.546 -92.8496 48.4844 1671.21 227.196 40.4397 6.06028 1.38587 48.4844 0 -63.9114 -19.9409 ;
-108.449 -11441.8 -1025.07 -238.875 135.21 4953.31 682.76 96.6057 26.6285 6.39909 0 135.21 -181.868 -53.2009 ;
-240.67 -13915.9 -1070.11 740.311 -411.718 -7341.79 -798.169 -296.806 -62.3483 -15.136 -63.9114 -181.868 7693.53 1236.29 ;
-65.213 -2571.56 -224.489 225.646 -126.87 -1248.75 -138.068 -97.1767 -17.2088 -3.24821 -19.9409 -53.2009 1236.29 506.051 ;
]
+++++++++++++
Iter 7

Size = 14
Data size = 105
[ 271.596 25217.9 2263.11 443.896 -240.235 -9708.92 -1332.63 -178.907 -33.403 -7.62682 -40.9233 -104.296 -211.614 -60.9869 ;
25217.9 3.895e+06 382145 44578.8 -23989 -1.64065e+06 -245169 -17984.2 -3138.7 -773.661 -4051.16 -10967.5 -11653.3 -2272.02 ;
2263.11 382145 63518.2 3984.02 -2157.98 -189578 -29485.2 -1566.59 -270.473 -40.8153 -328.155 -981.533 -899.348 -201.184 ;
443.896 44578.8 3984.02 1041.04 -544.571 -19082.6 -2590.51 -414.23 -71.9429 -15.6995 -96.872 -226.912 617.705 201.152 ;
-240.235 -23989 -2157.98 -544.571 296.338 10257.9 1393.54 221.895 40.9074 9.11106 50.6056 127.933 -342.89 -112.694 ;
-9708.92 -1.64065e+06 -189578 -19082.6 10257.9 831380 126589 7720.77 1423.1 278.171 1704.03 4735.2 -5738.24 -1020.56 ;
-1332.63 -245169 -29485.2 -2590.51 1393.54 126589 20566.4 1065.86 182.577 37.656 229.745 654.283 -622.052 -113.407 ;
-178.907 -17984.2 -1566.59 -414.23 221.895 7720.77 1065.86 221.895 0 0 43.5249 90.6852 -248.057 -86.831 ;
-33.403 -3138.7 -270.473 -71.9429 40.9074 1423.1 182.577 0 40.9074 0 5.37531 26.1592 -52.0362 -15.0184 ;
-7.62682 -773.661 -40.8153 -15.6995 9.11106 278.171 37.656 0 0 9.11106 1.10986 5.79203 -11.6907 -2.60149 ;
-40.9233 -4051.16 -328.155 -96.872 50.6056 1704.03 229.745 43.5249 5.37531 1.10986 50.6056 0 -58.618 -19.1874 ;
-104.296 -10967.5 -981.533 -226.912 127.933 4735.2 654.283 90.6852 26.1592 5.79203 0 127.933 -146.27 -45.9301 ;
-211.614 -11653.3 -899.348 617.705 -342.89 -5738.24 -622.052 -248.057 -52.0362 -11.6907 -58.618 -146.27 6069.96 1019.53 ;
-60.9869 -2272.02 -201.184 201.152 -112.694 -1020.56 -113.407 -86.831 -15.0184 -2.60149 -19.1874 -45.9301 1019.53 454.083 ;
]
+++++++++++++
Iter 8

Size = 14
Data size = 105
[ 270.896 25259.2 2269.57 443.002 -239.971 -9753.49 -1338.86 -181.115 -33.8851 -5.50574 -39.1565 -105.015 -203.016 -60.0789 ;
25259.2 3.9156e+06 384989 44689.5 -24062.9 -1.65285e+06 -247014 -18349.2 -3187.86 -580.821 -3883.7 -11113.1 -10999.4 -2220.58 ;
2269.57 384989 64026.5 4000.07 -2168.7 -191115 -29684.2 -1610.17 -274.636 -30.4038 -313.036 -1002.41 -831.235 -193.582 ;
443.002 44689.5 4000.07 1039.57 -544.188 -19131.6 -2598.62 -418.319 -72.9484 -11.1218 -93.0877 -228.091 597.545 202.514 ;
-239.971 -24062.9 -2168.7 -544.188 296.498 10287.9 1398.23 224.976 41.4459 6.55079 48.5679 128.989 -332.467 -113.824 ;
-9753.49 -1.65285e+06 -191115 -19131.6 10287.9 837938 127680 7851.51 1446.78 200.857 1662.15 4784.36 -5398.59 -995.548 ;
-1338.86 -247014 -29684.2 -2598.62 1398.23 127680 20737 1084.58 186.066 27.3114 225.852 660.975 -584.627 -110.898 ;
-181.115 -18349.2 -1610.17 -418.319 224.976 7851.51 1084.58 224.976 0 0 41.3612 93.7143 -244.494 -88.7584 ;
-33.8851 -3187.86 -274.636 -72.9484 41.4459 1446.78 186.066 0 41.4459 0 5.75243 26.3524 -50.9007 -15.1505 ;
-5.50574 -580.821 -30.4038 -11.1218 6.55079 200.857 27.3114 0 0 6.55079 0.933795 4.20441 -8.3728 -1.87392 ;
-39.1565 -3883.7 -313.036 -93.0877 48.5679 1662.15 225.852 41.3612 5.75243 0.933795 48.5679 0 -54.1915 -18.6556 ;
-105.015 -11113.1 -1002.41 -228.091 128.989 4784.36 660.975 93.7143 26.3524 4.20441 0 128.989 -142.431 -46.8697 ;
-203.016 -10999.4 -831.235 597.545 -332.467 -5398.59 -584.627 -244.494 -50.9007 -8.3728 -54.1915 -142.431 5671.22 985.371 ;
-60.0789 -2220.58 -193.582 202.514 -113.824 -995.548 -110.898 -88.7584 -15.1505 -1.87392 -18.6556 -46.8697 985.371 454.218 ;
]
+++++++++++++
Iter 9

Size = 14
Data size = 105
[ 270.027 25143.9 2259.61 442.049 -239.05 -9713.16 -1333.07 -180.595 -33.8754 -5.12026 -38.99 -104.462 -204.245 -60.3409 ;
25143.9 3.89429e+06 383187 44537.8 -23942.6 -1.64553e+06 -245872 -18268.9 -3182.46 -544.593 -3855.83 -11047.4 -11098.5 -2240.54 ;
2259.61 383187 63749.7 3988.19 -2158.29 -190415 -29569.7 -1601.73 -274.298 -28.3535 -310.586 -996.738 -838.878 -195.283 ;
442.049 44537.8 3988.19 1037.76 -542.684 -19074.6 -2590.28 -417.606 -72.9906 -10.2794 -92.7364 -227.26 596.803 202.282 ;
-239.05 -23942.6 -2158.29 -542.684 295.144 10245.3 1392.18 224.114 41.4314 6.09837 48.3269 128.189 -331.226 -113.434 ;
-9713.16 -1.64553e+06 -190415 -19074.6 10245.3 834966 127183 7821.09 1448.47 186.768 1653.35 4761.41 -5398.33 -998.507 ;
-1333.07 -245872 -29569.7 -2590.28 1392.18 127183 20650.9 1080.04 186.363 25.4399 224.591 657.743 -584.568 -111.187 ;
-180.595 -18268.9 -1601.73 -417.606 224.114 7821.09 1080.04 224.114 0 0 41.1423 93.2493 -243.677 -88.4268 ;
-33.8754 -3182.46 -274.298 -72.9906 41.4314 1448.47 186.363 0 41.4314 0 5.77435 26.2977 -50.9131 -15.1887 ;
-5.12026 -544.593 -28.3535 -10.2794 6.09837 186.768 25.4399 0 0 6.09837 0.890906 3.91688 -7.87953 -1.76529 ;
-38.99 -3855.83 -310.586 -92.7364 48.3269 1653.35 224.591 41.1423 5.77435 0.890906 48.3269 0 -53.8568 -18.5895 ;
-104.462 -11047.4 -996.738 -227.26 128.189 4761.41 657.743 93.2493 26.2977 3.91688 0 128.189 -141.475 -46.624 ;
-204.245 -11098.5 -838.878 596.803 -331.226 -5398.33 -584.568 -243.677 -50.9131 -7.87953 -53.8568 -141.475 5695.6 991.835 ;
-60.3409 -2240.54 -195.283 202.282 -113.434 -998.507 -111.187 -88.4268 -15.1887 -1.76529 -18.5895 -46.624 991.835 454.322 ;
]
+++++++++++++
Iter 10

Size = 14
Data size = 105
[ 270.015 25139.1 2258.19 442.118 -239.016 -9709.58 -1332.55 -180.854 -33.7635 -5.1109 -39.0308 -104.54 -204.764 -60.5648 ;
25139.1 3.89435e+06 382967 44537.1 -23936 -1.6453e+06 -245835 -18295.9 -3173.94 -543.509 -3859.74 -11056.2 -11138.2 -2253.09 ;
2258.19 382967 63671.5 3986.92 -2156.81 -190244 -29542.1 -1604.99 -273.651 -28.2502 -310.971 -997.862 -840.797 -196.153 ;
442.118 44537.1 3986.92 1037.88 -542.633 -19073.1 -2590.01 -418.125 -72.6817 -10.2581 -92.7956 -227.359 597.61 202.761 ;
-239.016 -23936 -2156.81 -542.633 295.013 10241.9 1391.67 224.326 41.2879 6.09 48.3518 128.208 -331.471 -113.654 ;
-9709.58 -1.6453e+06 -190244 -19073.1 10241.9 834747 127149 7832.11 1442.62 186.464 1654.36 4762.56 -5413.38 -1004.86 ;
-1332.55 -245835 -29542.1 -2590.01 1391.67 127149 20645.8 1081.56 185.56 25.4068 224.728 657.891 -586.208 -111.872 ;
-180.854 -18295.9 -1604.99 -418.125 224.326 7832.11 1081.56 224.326 0 0 41.2046 93.4232 -244.177 -88.6803 ;
-33.7635 -3173.94 -273.651 -72.6817 41.2879 1442.62 185.56 0 41.2879 0 5.7463 26.2323 -50.8591 -15.1655 ;
-5.1109 -543.509 -28.2502 -10.2581 6.09 186.464 25.4068 0 0 6.09 0.889336 3.90655 -7.88702 -1.76674 ;
-39.0308 -3859.74 -310.971 -92.7956 48.3518 1654.36 224.728 41.2046 5.7463 0.889336 48.3518 0 -53.9006 -18.6289 ;
-104.54 -11056.2 -997.862 -227.359 128.208 4762.56 657.891 93.4232 26.2323 3.90655 0 128.208 -141.58 -46.7159 ;
-204.764 -11138.2 -840.797 597.61 -331.471 -5413.38 -586.208 -244.177 -50.8591 -7.88702 -53.9006 -141.58 5717.87 998.764 ;
-60.5648 -2253.09 -196.153 202.761 -113.654 -1004.86 -111.872 -88.6803 -15.1655 -1.76674 -18.6289 -46.7159 998.764 455.912 ;
]
+++++++++++++
Iter 11

Size = 14
Data size = 105
[ 270.032 25137 2258.08 442.113 -239.029 -9708.55 -1332.41 -180.871 -33.7695 -5.09616 -39.027 -104.538 -204.811 -60.5824 ;
25137 3.89356e+06 382910 44529.9 -23933.5 -1.64501e+06 -245795 -18294.3 -3174.14 -542.075 -3858.56 -11054.4 -11142.9 -2254.4 ;
2258.08 382910 63667.5 3986.36 -2156.69 -190227 -29539.8 -1604.84 -273.678 -28.1757 -310.879 -997.72 -841.065 -196.234 ;
442.113 44529.9 3986.36 1037.76 -542.593 -19070.3 -2589.63 -418.099 -72.6907 -10.2291 -92.7765 -227.321 597.555 202.737 ;
-239.029 -23933.5 -2156.69 -542.593 295.011 10240.9 1391.53 224.331 41.2929 6.07249 48.3432 128.199 -331.469 -113.652 ;
-9708.55 -1.64501e+06 -190227 -19070.3 10240.9 834639 127134 7831.4 1442.67 185.922 1653.94 4761.88 -5414.57 -1005.19 ;
-1332.41 -245795 -29539.8 -2589.63 1391.53 127134 20643.7 1081.47 185.561 25.3329 224.671 657.804 -586.34 -111.906 ;
-180.871 -18294.3 -1604.84 -418.099 224.331 7831.4 1081.47 224.331 0 0 41.197 93.4188 -244.181 -88.6799 ;
-33.7695 -3174.14 -273.678 -72.6907 41.2929 1442.67 185.561 0 41.2929 0 5.74733 26.2369 -50.8623 -15.1658 ;
-5.09616 -542.075 -28.1757 -10.2291 6.07249 185.922 25.3329 0 0 6.07249 0.887318 3.89637 -7.8673 -1.76187 ;
-39.027 -3858.56 -310.879 -92.7765 48.3432 1653.94 224.671 41.197 5.74733 0.887318 48.3432 0 -53.885 -18.6233 ;
-104.538 -11054.4 -997.72 -227.321 128.199 4761.88 657.804 93.4188 26.2369 3.89637 0 128.199 -141.566 -46.714 ;
-204.811 -11142.9 -841.065 597.555 -331.469 -5414.57 -586.34 -244.181 -50.8623 -7.8673 -53.885 -141.566 5719.71 999.217 ;
-60.5824 -2254.4 -196.234 202.737 -113.652 -1005.19 -111.906 -88.6799 -15.1658 -1.76187 -18.6233 -46.714 999.217 455.986 ;
]
+++++++++++++
Iter 12

Size = 14
Data size = 105
[ 270.007 25135.4 2257.95 442.069 -239.003 -9708.02 -1332.34 -180.861 -33.7682 -5.08442 -39.0251 -104.522 -204.809 -60.5837 ;
25135.4 3.89344e+06 382899 44527.2 -23931.9 -1.64497e+06 -245789 -18294.2 -3174.11 -540.942 -3858.51 -11053.2 -11142.4 -2254.47 ;
2257.95 382899 63665 3986.14 -2156.55 -190220 -29538.8 -1604.84 -273.668 -28.1122 -310.874 -997.63 -840.987 -196.23 ;
442.069 44527.2 3986.14 1037.69 -542.554 -19069.3 -2589.5 -418.091 -72.6887 -10.2045 -92.776 -227.294 597.484 202.744 ;
-239.003 -23931.9 -2156.55 -542.554 294.988 10240.3 1391.45 224.326 41.2919 6.05853 48.3427 128.183 -331.428 -113.655 ;
-9708.02 -1.64497e+06 -190220 -19069.3 10240.3 834617 127131 7831.4 1442.64 185.491 1653.92 4761.45 -5413.16 -1005.04 ;
-1332.34 -245789 -29538.8 -2589.5 1391.45 127131 20643.2 1081.47 185.558 25.2749 224.668 657.748 -586.185 -111.892 ;
-180.861 -18294.2 -1604.84 -418.091 224.326 7831.4 1081.47 224.326 0 0 41.1988 93.4126 -244.167 -88.6868 ;
-33.7682 -3174.11 -273.668 -72.6887 41.2919 1442.64 185.558 0 41.2919 0 5.74695 26.2369 -50.8591 -15.1663 ;
-5.08442 -540.942 -28.1122 -10.2045 6.05853 185.491 25.2749 0 0 6.05853 0.885525 3.88786 -7.85032 -1.75816 ;
-39.0251 -3858.51 -310.874 -92.776 48.3427 1653.92 224.668 41.1988 5.74695 0.885525 48.3427 0 -53.8852 -18.6258 ;
-104.522 -11053.2 -997.63 -227.294 128.183 4761.45 657.748 93.4126 26.2369 3.88786 0 128.183 -141.538 -46.7136 ;
-204.809 -11142.4 -840.987 597.484 -331.428 -5413.16 -586.185 -244.167 -50.8591 -7.85032 -53.8852 -141.538 5718.46 999.089 ;
-60.5837 -2254.47 -196.23 202.744 -113.655 -1005.04 -111.892 -88.6868 -15.1663 -1.75816 -18.6258 -46.7136 999.089 455.991 ;
]
+++++++++++++
