Iter 0

Size = 16
Data size = 136
[ 423.556 4703.76 369.444 0 45270.7 -211.778 -1219.52 -162 -24.7778 -11.6667 -33.4444 -104.778 -8402.33 -409.889 -8339.55 0 ;
4703.76 162386 4015.04 0 868970 -2351.88 -28728.3 -1887.04 -197.567 -59.9722 -325.6 -1273.78 -181253 -4390.07 -206321 0 ;
369.444 4015.04 1369.56 0 39328.6 -738.889 -4350.18 -562.667 -87.1111 -43.5556 -123.333 -346.667 -29967.1 710.667 14895.7 0 ;
0 0 0 0 37272.1 0 0 0 0 0 0 0 -56247.5 0 0 0 ;
45270.7 868970 39328.6 37272.1 8.00764e+06 -22635.3 -244100 -17661 -2483.44 -1090.78 -3634.44 -11751 -1.57802e+06 -40667.6 -1.73818e+06 0 ;
-211.778 -2351.88 -738.889 0 -22635.3 423.556 2439.04 324 49.5556 23.3333 66.8889 209.556 16804.7 -409.889 -8339.55 0 ;
-1219.52 -28728.3 -4350.18 0 -244100 2439.04 43462.3 1821.88 354.962 129.167 422.696 1225.3 258370 -2205.4 -157311 0 ;
-162 -1887.04 -562.667 0 -17661 324 1821.88 324 0 0 56.8889 161.556 12511.3 -314.778 -6213.16 0 ;
-24.7778 -197.567 -87.1111 0 -2483.44 49.5556 354.962 0 49.5556 0 7.33333 29.7778 2438.67 -47.1111 -1239.14 0 ;
-11.6667 -59.9722 -43.5556 0 -1090.78 23.3333 129.167 0 0 23.3333 2 12 890.444 -21.5556 -442.456 0 ;
-33.4444 -325.6 -123.333 0 -3634.44 66.8889 422.696 56.8889 7.33333 2 66.8889 0 2822 -61.6667 -1456.04 0 ;
-104.778 -1273.78 -346.667 0 -11751 209.556 1225.3 161.556 29.7778 12 0 209.556 8416.44 -193 -4171.97 0 ;
-8402.33 -181253 -29967.1 -56247.5 -1.57802e+06 16804.7 258370 12511.3 2438.67 890.444 2822 8416.44 1.6264e+06 -15093.1 -938244 0 ;
-409.889 -4390.07 710.667 0 -40667.6 -409.889 -2205.4 -314.778 -47.1111 -21.5556 -61.6667 -193 -15093.1 2175.78 30169.2 0 ;
-8339.55 -206321 14895.7 0 -1.73818e+06 -8339.55 -157311 -6213.16 -1239.14 -442.456 -1456.04 -4171.97 -938244 30169.2 2.31598e+06 86847.5 ;
0 0 0 0 0 0 0 0 0 0 0 0 0 0 86847.5 0 ;
]
+++++++++++++
Iter 2

Size = 16
Data size = 136
[ 218.756 1408.92 371.959 340.788 17333.8 -208.675 -869.474 -153.945 -27.0449 -15.2009 -33.6965 -96.8861 -6225.29 -17.3677 -144.19 25.9504 ;
1408.92 21927.9 2452.5 7970.3 184104 -1379.54 -12107 -1071.09 -134.689 -59.8405 -227.743 -663.558 -75937.3 -48.1785 -549.929 103.804 ;
371.959 2452.5 849.259 818.056 30498.6 -455.264 -1679.72 -333.767 -59.7197 -34.2716 -77.2018 -200.697 -12106.5 147.46 1010.1 -177.105 ;
340.788 7970.3 818.056 10049.1 93427.9 -436.243 -5244.81 -318.499 -54.4493 -25.7929 -64.8024 -206.985 -53490.5 147.011 2297.98 -449.623 ;
17333.8 184104 30498.6 93427.9 2.21417e+06 -16953.7 -120265 -12903.3 -2005.27 -1049.91 -2870.08 -8207.84 -805043 -605.449 -7795.86 1488.99 ;
-208.675 -1379.54 -455.264 -436.243 -16953.7 258.266 926.244 190.139 33.5058 18.4145 41.5253 119.962 6686.18 -88.5462 -602.946 105.368 ;
-869.474 -12107 -1679.72 -5244.81 -120265 926.244 8237.67 705.181 105.732 58.0717 154.449 444.742 50433.5 -92.1993 -1173.25 223.864 ;
-153.945 -1071.09 -333.767 -318.499 -12903.3 190.139 705.181 190.139 0 0 34.3677 87.459 5007.09 -66.3357 -433.987 75.9537 ;
-27.0449 -134.689 -59.7197 -54.4493 -2005.27 33.5058 105.732 0 33.5058 0 4.92497 19.464 815.934 -11.7591 -77.8234 13.7497 ;
-15.2009 -59.8405 -34.2716 -25.7929 -1049.91 18.4145 58.0717 0 0 18.4145 1.76735 9.79014 426.473 -4.2651 -39.7968 6.57141 ;
-33.6965 -227.743 -77.2018 -64.8024 -2870.08 41.5253 154.449 34.3677 4.92497 1.76735 41.5253 0 1108.35 -13.9109 -98.8158 17.3219 ;
-96.8861 -663.558 -200.697 -206.985 -8207.84 119.962 444.742 87.459 19.464 9.79014 0 119.962 3212.41 -38.7807 -295.813 52.2491 ;
-6225.29 -75937.3 -12106.5 -53490.5 -805043 6686.18 50433.5 5007.09 815.934 426.473 1108.35 3212.41 335016 -738.028 -10014.4 1910.04 ;
-17.3677 -48.1785 147.46 147.011 -605.449 -88.5462 -92.1993 -66.3357 -11.7591 -4.2651 -13.9109 -38.7807 -738.028 272.697 1165.69 -197.087 ;
-144.19 -549.929 1010.1 2297.98 -7795.86 -602.946 -1173.25 -433.987 -77.8234 -39.7968 -98.8158 -295.813 -10014.4 1165.69 19874.2 -8545.58 ;
25.9504 103.804 -177.105 -449.623 1488.99 105.368 223.864 75.9537 13.7497 6.57141 17.3219 52.2491 1910.04 -197.087 -8545.58 2580.27 ;
]
+++++++++++++
Iter 6

Size = 16
Data size = 136
[ 247.505 1714.88 410.492 230.506 22742.3 -232.371 -1170.08 -170.609 -31.8031 -16.7726 -37.2746 -108.209 -8378.41 -25.7169 -329.557 27.7411 ;
1714.88 34037.8 2932.58 6293.49 285465 -1661.6 -21715 -1295.95 -181.172 -67.3642 -277.184 -795.707 -132579 -83.8326 -1571.06 139.775 ;
410.492 2932.58 967.946 524.196 39171.6 -521.051 -2300.75 -380.519 -70.9888 -38.6427 -88.1546 -230.233 -16695.5 186.23 2395.73 -202.486 ;
230.506 6293.49 524.196 1689.39 29585.5 -282.63 -5175.33 -209.534 -42.8251 -15.9058 -46.0458 -132.994 -23653.7 73.1503 2157.77 -202.484 ;
22742.3 285465 39171.6 29585.5 3.48411e+06 -21978.7 -208388 -16662.7 -2722.58 -1431.12 -3701.7 -10621 -1.37892e+06 -1188.59 -24588.3 2207.73 ;
-232.371 -1661.6 -521.051 -282.63 -21978.7 297.604 1273.7 218.5 40.147 20.8663 47.8636 138.982 9256.95 -110.404 -1424.43 120.574 ;
-1170.08 -21715 -2300.75 -5175.33 -208388 1273.7 17261.7 966.357 163.952 80.3865 214.743 610.69 104502 -151.864 -3881.57 358.499 ;
-170.609 -1295.95 -380.519 -209.534 -16662.7 218.5 966.357 218.5 0 0 40.0887 100.808 6888.62 -82.9166 -1046.1 88.8574 ;
-31.8031 -181.172 -70.9888 -42.8251 -2722.58 40.147 163.952 0 40.147 0 5.44693 23.6726 1262.51 -13.9989 -177.782 14.864 ;
-16.7726 -67.3642 -38.6427 -15.9058 -1431.12 20.8663 80.3865 0 0 20.8663 1.83053 10.8178 598.298 -5.6571 -76.5014 6.00075 ;
-37.2746 -277.184 -88.1546 -46.0458 -3701.7 47.8636 214.743 40.0887 5.44693 1.83053 47.8636 0 1542.37 -17.0848 -238.649 20.1653 ;
-108.209 -795.707 -230.233 -132.994 -10621 138.982 610.69 100.808 23.6726 10.8178 0 138.982 4427.83 -48.8089 -717.237 61.581 ;
-8378.41 -132579 -16695.5 -23653.7 -1.37892e+06 9256.95 104502 6888.62 1262.51 598.298 1542.37 4427.83 676822 -1278.43 -33355.5 3070.89 ;
-25.7169 -83.8326 186.23 73.1503 -1188.59 -110.404 -151.864 -82.9166 -13.9989 -5.6571 -17.0848 -48.8089 -1278.43 353.202 2477.52 -199.679 ;
-329.557 -1571.06 2395.73 2157.77 -24588.3 -1424.43 -3881.57 -1046.1 -177.782 -76.5014 -238.649 -717.237 -33355.5 2477.52 82583.2 -9880.15 ;
27.7411 139.775 -202.486 -202.484 2207.73 120.574 358.499 88.8574 14.864 6.00075 20.1653 61.581 3070.89 -199.679 -9880.15 1226.24 ;
]
+++++++++++++
Iter 7

Size = 16
Data size = 136
[ 291.297 2295.58 480.899 89.4915 26949.4 -273.289 -1342.13 -203.125 -34.7779 -17.9125 -43.4865 -129.153 -9583.9 -30.5201 -402.542 33.7108 ;
2295.58 46868.4 3854.62 3411.98 353291 -2225.12 -23113.4 -1744.84 -200.826 -73.926 -344.184 -1095.03 -145617 -109.224 -2196.9 195.778 ;
480.899 3854.62 1094.3 282.015 46020.3 -589.552 -2583.1 -435.121 -76.1731 -40.7016 -99.3145 -263.816 -18686 184.415 2314.6 -192.607 ;
89.4915 3411.98 282.015 1445.7 53891 -146.616 -2745.13 -101.719 -25.3755 -8.69793 -19.3591 -69.0132 -30225.6 81.6023 2308.47 -213.196 ;
26949.4 353291 46020.3 53891 3.99483e+06 -26034.9 -217986 -19991.9 -2926.18 -1479.5 -4338.44 -12769.2 -1.46506e+06 -1408.52 -30244.2 2703.39 ;
-273.289 -2225.12 -589.552 -146.616 -26034.9 337.177 1443 250.265 42.9042 21.9454 53.8649 159.33 10427.4 -108.969 -1370.98 114.248 ;
-1342.13 -23113.4 -2583.1 -2745.13 -217986 1443 15727 1098.79 169.161 84.4454 234.039 700.952 98232.6 -150.15 -3719.7 338.335 ;
-203.125 -1744.84 -435.121 -101.719 -19991.9 250.265 1098.79 250.265 0 0 45.2045 117.895 7829.37 -82.1647 -1012.39 84.6828 ;
-34.7779 -200.826 -76.1731 -25.3755 -2926.18 42.9042 169.161 0 42.9042 0 6.05458 25.2393 1295.01 -13.7146 -170.426 14.0212 ;
-17.9125 -73.926 -40.7016 -8.69793 -1479.5 21.9454 84.4454 0 0 21.9454 1.98485 11.5019 617.748 -5.64137 -75.7924 5.89864 ;
-43.4865 -344.184 -99.3145 -19.3591 -4338.44 53.8649 234.039 45.2045 6.05458 1.98485 53.8649 0 1690.7 -16.8541 -229.456 19.0922 ;
-129.153 -1095.03 -263.816 -69.0132 -12769.2 159.33 700.952 117.895 25.2393 11.5019 0 159.33 5068.78 -48.312 -692.721 58.5602 ;
-9583.9 -145617 -18686 -30225.6 -1.46506e+06 10427.4 98232.6 7829.37 1295.01 617.748 1690.7 5068.78 653805 -1245.09 -31497.1 2854.63 ;
-30.5201 -109.224 184.415 81.6023 -1408.52 -108.969 -150.15 -82.1647 -13.7146 -5.64137 -16.8541 -48.312 -1245.09 361.968 2528.86 -201.328 ;
-402.542 -2196.9 2314.6 2308.47 -30244.2 -1370.98 -3719.7 -1012.39 -170.426 -75.7924 -229.456 -692.721 -31497.1 2528.86 82956.2 -9623.09 ;
33.7108 195.778 -192.607 -213.196 2703.39 114.248 338.335 84.6828 14.0212 5.89864 19.0922 58.5602 2854.63 -201.328 -9623.09 1177.27 ;
]
+++++++++++++
Iter 8

Size = 16
Data size = 136
[ 301.723 2537.34 497.148 -249.289 29263.8 -282.576 -1545.88 -207.894 -37.1804 -18.9263 -44.5502 -133.659 -10996.4 -33.5247 -368.178 30.7167 ;
2537.34 62931.9 4254.13 -1536.44 430172 -2461.85 -30683.5 -1910.22 -234.942 -79.6949 -368.325 -1218.51 -192806 -123.203 -2047.5 182.071 ;
497.148 4254.13 1126.9 -325.42 50003.8 -606.847 -2945.11 -444.376 -80.45 -42.8687 -101.525 -271.471 -21214.2 189.761 2174.3 -182.891 ;
-249.289 -1536.44 -325.42 1184.92 -44832.3 195.479 200.149 160.247 9.81802 11.1288 33.5295 102.562 6873.67 80.4662 1947.14 -180.773 ;
29263.8 430172 50003.8 -44832.3 4.6781e+06 -28318.7 -283345 -21387.2 -3387.16 -1722.18 -4524.48 -14021.9 -1.88189e+06 -1516.5 -27439.4 2451.11 ;
-282.576 -2461.85 -606.847 195.479 -28318.7 346.822 1645.1 255.314 45.4242 23.0671 54.9699 163.868 11842.9 -111.75 -1281 107.839 ;
-1545.88 -30683.5 -2945.11 200.149 -283345 1645.1 22870.5 1231.87 212.535 103.359 260.657 809.722 140350 -151.868 -3414.21 314.219 ;
-207.894 -1910.22 -444.376 160.247 -21387.2 255.314 1231.87 255.314 0 0 46.0813 120.173 8743.79 -84.2636 -940.588 79.3874 ;
-37.1804 -234.942 -80.45 9.81802 -3387.16 45.4242 212.535 0 45.4242 0 6.39327 26.7861 1606.41 -14.1064 -164.557 13.7693 ;
-18.9263 -79.6949 -42.8687 11.1288 -1722.18 23.0671 103.359 0 0 23.0671 1.92638 11.9563 745.79 -5.94301 -76.3418 6.09999 ;
-44.5502 -368.325 -101.525 33.5295 -4524.48 54.9699 260.657 46.0813 6.39327 1.92638 54.9699 0 1877.33 -17.3323 -212.981 17.9049 ;
-133.659 -1218.51 -271.471 102.562 -14021.9 163.868 809.722 120.173 26.7861 11.9563 0 163.868 5776.94 -49.4753 -643.584 54.9348 ;
-10996.4 -192806 -21214.2 6873.67 -1.88189e+06 11842.9 140350 8743.79 1606.41 745.79 1877.33 5776.94 920665 -1282.79 -29628.7 2717.92 ;
-33.5247 -123.203 189.761 80.4662 -1516.5 -111.75 -151.868 -84.2636 -14.1064 -5.94301 -17.3323 -49.4753 -1282.79 376.927 2436.45 -196.042 ;
-368.178 -2047.5 2174.3 1947.14 -27439.4 -1281 -3414.21 -940.588 -164.557 -76.3418 -212.981 -643.584 -29628.7 2436.45 71210.6 -8522.87 ;
30.7167 182.071 -182.891 -180.773 2451.11 107.839 314.219 79.3874 13.7693 6.09999 17.9049 54.9348 2717.92 -196.042 -8522.87 1068.66 ;
]
+++++++++++++
Iter 9

Size = 16
Data size = 136
[ 297.901 2289.3 489.204 95.4071 28173.1 -276.043 -1407.57 -203.657 -36.0628 -18.6783 -43.9184 -130.233 -10334 -38.9891 -375.056 39.7939 ;
2289.3 48368.1 3877.94 6187.33 376451 -2209.03 -25928.2 -1717.79 -214.711 -78.1923 -340.825 -1088.25 -167380 -134.698 -1898.86 214.226 ;
489.204 3877.94 1129.19 371.658 48347.6 -605.97 -2722.29 -445.281 -79.6392 -42.6313 -102.081 -270.843 -20225.1 207.951 2027.1 -216.625 ;
95.4071 6187.33 371.658 3501.4 35644.8 -188.705 -5370.55 -132.357 -35.7145 -10.4447 -25.8627 -86.8295 -34921.8 143.398 3016.68 -357.683 ;
28173.1 376451 48347.6 35644.8 4.41528e+06 -27122.1 -254575 -20564.4 -3208.72 -1663.96 -4398.35 -13432.7 -1.74066e+06 -1728.39 -26990.3 3068.59 ;
-276.043 -2209.03 -605.97 -188.705 -27122.1 344.358 1508.62 254.252 44.727 22.9365 55.0037 162.267 11206.4 -122.298 -1191.36 127.358 ;
-1407.57 -25928.2 -2722.29 -5370.55 -254575 1508.62 19618.1 1141.83 185.441 94.1334 240.943 745.573 123034 -160.512 -3011.09 352.035 ;
-203.657 -1717.79 -445.281 -132.357 -20564.4 254.252 1141.83 254.252 0 0 46.1942 119.088 8359.76 -92.4224 -876.868 93.946 ;
-36.0628 -214.711 -79.6392 -35.7145 -3208.72 44.727 185.441 0 44.727 0 6.28959 26.3885 1444.96 -15.3437 -151.873 16.186 ;
-18.6783 -78.1923 -42.6313 -10.4447 -1663.96 22.9365 94.1334 0 0 22.9365 1.94054 11.965 700.505 -6.30806 -68.1805 6.86825 ;
-43.9184 -340.825 -102.081 -25.8627 -4398.35 55.0037 240.943 46.1942 6.28959 1.94054 55.0037 0 1795.2 -19.0275 -198.644 21.2336 ;
-130.233 -1088.25 -270.843 -86.8295 -13432.7 162.267 745.573 119.088 26.3885 11.965 0 162.267 5486.3 -54.0915 -594.56 64.4337 ;
-10334 -167380 -20225.1 -34921.8 -1.74066e+06 11206.4 123034 8359.76 1444.96 700.505 1795.2 5486.3 826899 -1372.69 -26691.1 3115.12 ;
-38.9891 -134.698 207.951 143.398 -1728.39 -122.298 -160.512 -92.4224 -15.3437 -6.30806 -19.0275 -54.0915 -1372.69 419.215 2406.07 -246.119 ;
-375.056 -1898.86 2027.1 3016.68 -26990.3 -1191.36 -3011.09 -876.868 -151.873 -68.1805 -198.644 -594.56 -26691.1 2406.07 57723 -8478.75 ;
39.7939 214.226 -216.625 -357.683 3068.59 127.358 352.035 93.946 16.186 6.86825 21.2336 64.4337 3115.12 -246.119 -8478.75 1343.63 ;
]
+++++++++++++
Iter 10

Size = 16
Data size = 136
[ 328.612 2839.47 533.358 -178.584 27326.7 -300.464 -1621.1 -222.095 -38.2228 -19.5365 -47.3298 -142.985 -10456.2 -52.0393 -387.779 51.8922 ;
2839.47 75082.6 4770.49 3607 408076 -2731.26 -33478.4 -2106.71 -259.231 -85.4885 -396.848 -1374.6 -189102 -190.422 -2067.7 295.485 ;
533.358 4770.49 1225.85 -56.4859 46614.3 -656.934 -3106.01 -484.495 -84.1973 -44.6156 -109.797 -295.978 -20333.7 228.385 1750.3 -236.736 ;
-178.584 3607 -56.4859 4213.06 3345.45 53.4319 -3843.02 60.3633 -18.1731 2.48073 10.7981 33.5137 -23758.6 204.009 3180.7 -476.444 ;
27326.7 408076 46614.3 3345.45 3.65017e+06 -26165.2 -255958 -19749.4 -3041.18 -1558.51 -4089.59 -13155.9 -1.51779e+06 -1995.8 -23784.6 3416.42 ;
-300.464 -2731.26 -656.934 53.4319 -26165.2 372.474 1725.21 275.809 47.2762 23.946 58.9852 176.631 11285.2 -133.814 -1022.36 138.194 ;
-1621.1 -33478.4 -3106.01 -3843.02 -255958 1725.21 23858.1 1294.57 214 106.416 268.713 867.818 129597 -173.619 -2510.9 372.6 ;
-222.095 -2106.71 -484.495 60.3633 -19749.4 275.809 1294.57 275.809 0 0 49.8807 130.058 8373.93 -101.623 -753.858 102.006 ;
-38.2228 -259.231 -84.1973 -18.1731 -3041.18 47.2762 214 0 47.2762 0 6.48863 28.3076 1454.47 -16.5879 -131.723 17.8378 ;
-19.5365 -85.4885 -44.6156 2.48073 -1558.51 23.946 106.416 0 0 23.946 2.0177 12.6226 693.054 -6.89801 -60.4973 7.83167 ;
-47.3298 -396.848 -109.797 10.7981 -4089.59 58.9852 268.713 49.8807 6.48863 2.0177 58.9852 0 1762.01 -20.7757 -168.808 22.8133 ;
-142.985 -1374.6 -295.978 33.5137 -13155.9 176.631 867.818 130.058 28.3076 12.6226 0 176.631 5617.05 -59.2295 -507.419 69.5188 ;
-10456.2 -189102 -20333.7 -23758.6 -1.51779e+06 11285.2 129597 8373.93 1454.47 693.054 1762.01 5617.05 753075 -1374.19 -20425.5 3019.33 ;
-52.0393 -190.422 228.385 204.009 -1995.8 -133.814 -173.619 -101.623 -16.5879 -6.89801 -20.7757 -59.2295 -1374.19 484.975 2290.03 -297.043 ;
-387.779 -2067.7 1750.3 3180.7 -23784.6 -1022.36 -2510.9 -753.858 -131.723 -60.4973 -168.808 -507.419 -20425.5 2290.03 40980.5 -6922.29 ;
51.8922 295.485 -236.736 -476.444 3416.42 138.194 372.6 102.006 17.8378 7.83167 22.8133 69.5188 3019.33 -297.043 -6922.29 1367.12 ;
]
+++++++++++++
Iter 11

Size = 16
Data size = 136
[ 303.703 2367.53 492.933 -109.315 20441.2 -276.113 -1425.43 -202.585 -36.0653 -18.6732 -44.0287 -129.559 -8060.92 -51.9471 -290.897 56.9604 ;
2367.53 52878.3 4012.25 4529.35 266935 -2269.28 -27161.7 -1734.37 -227.02 -82.0682 -345.37 -1109.61 -128583 -176.537 -1409.93 294.91 ;
492.933 4012.25 1160.49 89.8701 34954.7 -620.308 -2767.44 -454.699 -81.2305 -43.0498 -104.497 -275.955 -15936.4 241.186 1360.31 -269.291 ;
-109.315 4529.35 89.8701 4226.61 1393.75 -31.9803 -4386.21 -15.8766 -17.5926 0.526083 -2.17701 -8.62273 -18322.2 236.555 2707.41 -597.243 ;
20441.2 266935 34954.7 1393.75 2.13421e+06 -19489.5 -178987 -14583.8 -2350.53 -1224.37 -3106.36 -9634.18 -912914 -1672.55 -14649.5 3082.82 ;
-276.113 -2269.28 -620.308 -31.9803 -19489.5 350.218 1529.3 257.474 45.5617 23.1493 55.9539 163.834 8810.55 -141.089 -792.531 156.638 ;
-1425.43 -27161.7 -2767.44 -4386.21 -178987 1529.3 20430 1151.12 187.061 95.4482 241.599 757.658 93433.4 -178.041 -1885.5 412.091 ;
-202.585 -1734.37 -454.699 -15.8766 -14583.8 257.474 1151.12 257.474 0 0 47.1065 119.08 6524.88 -106.266 -577.855 114.268 ;
-36.0653 -227.02 -81.2305 -17.5926 -2350.53 45.5617 187.061 0 45.5617 0 6.282 27.2193 1132.34 -17.9683 -104.326 20.6463 ;
-18.6732 -82.0682 -43.0498 0.526083 -1224.37 23.1493 95.4482 0 0 23.1493 1.98318 12.2838 555.329 -7.21979 -46.5917 8.80462 ;
-44.0287 -345.37 -104.497 -2.17701 -3106.36 55.9539 241.599 47.1065 6.282 1.98318 55.9539 0 1400.85 -21.8718 -130.105 25.7188 ;
-129.559 -1109.61 -275.955 -8.62273 -9634.18 163.834 757.658 119.08 27.2193 12.2838 0 163.834 4310.86 -61.8985 -387.338 77.5697 ;
-8060.92 -128583 -15936.4 -18322.2 -912914 8810.55 93433.4 6524.88 1132.34 555.329 1400.85 4310.86 464343 -1281.78 -13819.3 2999.71 ;
-51.9471 -176.537 241.186 236.555 -1672.55 -141.089 -178.041 -106.266 -17.9683 -7.21979 -21.8718 -61.8985 -1281.78 505.684 1822.72 -346.149 ;
-290.897 -1409.93 1360.31 2707.41 -14649.5 -792.531 -1885.5 -577.855 -104.326 -46.5917 -130.105 -387.338 -13819.3 1822.72 22940.3 -5366.15 ;
56.9604 294.91 -269.291 -597.243 3082.82 156.638 412.091 114.268 20.6463 8.80462 25.7188 77.5697 2999.71 -346.149 -5366.15 1512.7 ;
]
+++++++++++++
Iter 12

Size = 16
Data size = 136
[ 315.517 2810.91 511.15 -357.27 19332.4 -286.079 -1586.15 -208.961 -36.9866 -18.7662 -45.2713 -134.135 -7895.84 -57.0242 -206.105 66.2744 ;
2810.91 75810.1 4739.58 -485.908 286820 -2696.94 -33299.5 -2059.45 -240.842 -85.3057 -390.602 -1324.94 -137474 -210.786 -1096.32 381.106 ;
511.15 4739.58 1193.91 -339.371 33014.6 -637.488 -3054.61 -466.075 -82.6934 -43.0622 -106.523 -283.171 -15518 246.565 878.882 -285.098 ;
-357.27 -485.908 -339.371 4105.28 -18044 205.418 -1591.59 156.75 11.4798 13.7542 33.0226 106.853 -7635.4 263.345 1889.33 -693.084 ;
19332.4 286820 33014.6 -18044 1.79505e+06 -18412.4 -177217 -13697.1 -2170.03 -1111.64 -2881.99 -9075.01 -789740 -1665.94 -9380.36 3274.31 ;
-286.079 -2696.94 -637.488 205.418 -18412.4 359.278 1690.15 263.035 46.5392 23.1717 56.984 167.577 8587.96 -143.78 -509.875 164.861 ;
-1586.15 -33299.5 -3054.61 -1591.59 -177217 1690.15 23652.4 1271.86 197.58 101.023 264.467 837.768 93919.3 -184.056 -1245.69 453.791 ;
-208.961 -2059.45 -466.075 156.75 -13697.1 263.035 1271.86 263.035 0 0 48.0908 120.791 6350.74 -107.892 -367.731 118.98 ;
-36.9866 -240.842 -82.6934 11.4798 -2170.03 46.5392 197.58 0 46.5392 0 6.27227 28.3046 1070.25 -18.5837 -69.2877 22.2884 ;
-18.7662 -85.3057 -43.0622 13.7542 -1111.64 23.1717 101.023 0 0 23.1717 2.01069 12.5564 522.917 -7.41957 -31.48 9.91455 ;
-45.2713 -390.602 -106.523 33.0226 -2881.99 56.984 264.467 48.0908 6.27227 2.01069 56.984 0 1347.91 -22.2079 -82.2976 26.5969 ;
-134.135 -1324.94 -283.171 106.853 -9075.01 167.577 837.768 120.791 28.3046 12.5564 0 167.577 4199.81 -62.5721 -245.99 80.6203 ;
-7895.84 -137474 -15518 -7635.4 -789740 8587.96 93919.3 6350.74 1070.25 522.917 1347.91 4199.81 408486 -1224.35 -8348.86 3003.56 ;
-57.0242 -210.786 246.565 263.345 -1665.94 -143.78 -184.056 -107.892 -18.5837 -7.41957 -22.2079 -62.5721 -1224.35 529.638 1260.79 -392.694 ;
-206.105 -1096.32 878.882 1889.33 -9380.36 -509.875 -1245.69 -367.731 -69.2877 -31.48 -82.2976 -245.99 -8348.86 1260.79 9454.3 -3238.39 ;
66.2744 381.106 -285.098 -693.084 3274.31 164.861 453.791 118.98 22.2884 9.91455 26.5969 80.6203 3003.56 -392.694 -3238.39 1419.38 ;
]
+++++++++++++
Iter 13

Size = 16
Data size = 136
[ 318.911 2507.21 489.738 -28.4509 5323.6 -272.778 -1550.54 -206.191 -33.1065 -13.4324 -45.8157 -125.614 -2690.29 -96.2608 -165.698 140.253 ;
2507.21 48380.2 4101.82 1784.19 53435.4 -2313.18 -22438.2 -1694.28 -259.861 -70.0135 -382.359 -1059.75 -30405.9 -396.047 -938.615 884.777 ;
489.738 4101.82 1195.21 388.736 8615.01 -636.596 -3060.99 -488.401 -73.4655 -30.4897 -111.582 -278.769 -5558.63 314.272 467.367 -400.043 ;
-28.4509 1784.19 388.736 1177.01 524.046 -202.944 -4410.34 -141.462 -42.5683 -8.18726 -40.9503 -87.7011 -3039.61 461.478 1228.63 -1187.02 ;
5323.6 53435.4 8615.01 524.046 105495 -4790.63 -36924.4 -3593.03 -595.195 -234.006 -815.3 -2258.58 -56196.8 -1077.22 -2432.09 2195.99 ;
-272.778 -2313.18 -636.596 -202.944 -4790.63 357.287 1679.99 272.357 42.3201 16.7106 59.4823 163.9 3077.31 -182.399 -269.039 228.702 ;
-1550.54 -22438.2 -3060.99 -4410.34 -36924.4 1679.99 23589.6 1238.78 246.973 80.996 312.217 782.097 26042.8 -258.128 -729.063 733.672 ;
-206.191 -1694.28 -488.401 -141.462 -3593.03 272.357 1238.78 272.357 0 0 51.3349 120.662 2290.74 -144.821 -202.317 172.1 ;
-33.1065 -259.861 -73.4655 -42.5683 -595.195 42.3201 246.973 0 42.3201 0 5.75883 27.2108 404.597 -19.4451 -31.7037 26.0895 ;
-13.4324 -70.0135 -30.4897 -8.18726 -234.006 16.7106 80.996 0 0 16.7106 1.67821 9.89263 148.689 -5.71264 -11.5325 9.60638 ;
-45.8157 -382.359 -111.582 -40.9503 -815.3 59.4823 312.217 51.3349 5.75883 1.67821 59.4823 0 529.777 -28.6486 -42.8945 36.4316 ;
-125.614 -1059.75 -278.769 -87.7011 -2258.58 163.9 782.097 120.662 27.2108 9.89263 0 163.9 1434.16 -80.4499 -125.255 107.477 ;
-2690.29 -30405.9 -5558.63 -3039.61 -56196.8 3077.31 26042.8 2290.74 404.597 148.689 529.777 1434.16 37761.5 -790.754 -2010.87 1866.04 ;
-96.2608 -396.047 314.272 461.478 -1077.22 -182.399 -258.128 -144.821 -19.4451 -5.71264 -28.6486 -80.4499 -790.754 747.769 876.537 -725.361 ;
-165.698 -938.615 467.367 1228.63 -2432.09 -269.039 -729.063 -202.317 -31.7037 -11.5325 -42.8945 -125.255 -2010.87 876.537 2411.04 -1821.91 ;
140.253 884.777 -400.043 -1187.02 2195.99 228.702 733.672 172.1 26.0895 9.60638 36.4316 107.477 1866.04 -725.361 -1821.91 1914.31 ;
]
+++++++++++++
Iter 15

Size = 16
Data size = 136
[ 228.507 1895.36 373.824 -688.451 6186.3 -204.695 -1207.44 -139.794 -32.1332 -14.7084 -32.7219 -90.7264 -3132.72 -48.7407 -78.3614 79.3965 ;
1895.36 58033 3277.01 -2546.24 79244.1 -1816.28 -26989.6 -1245.64 -253.209 -71.3133 -257.731 -857.125 -48832.5 -157.054 -348.384 379.786 ;
373.824 3277.01 938.607 -839.207 10709.2 -495.843 -2370.95 -345.326 -75.7095 -33.5701 -82.9038 -209.764 -6394.38 256.446 357.511 -366.225 ;
-688.451 -2546.24 -839.207 9512.92 -34135.5 459.504 1100.11 293.554 64.8898 46.9911 70.0718 215.485 9588.12 437.609 1260.69 -1457.75 ;
6186.3 79244.1 10709.2 -34135.5 221571 -5839.19 -54784.4 -3979.78 -902.836 -419.47 -911.181 -2727.64 -120456 -675.099 -1605.2 1746.97 ;
-204.695 -1816.28 -495.843 459.504 -5839.19 274.461 1290.67 189.841 42.5297 18.3131 43.6492 121.149 3490.13 -147.899 -204.368 207.34 ;
-1207.44 -26989.6 -2370.95 1100.11 -54784.4 1290.67 20190.1 919.325 189.474 80.0909 201.861 623.672 35641.3 -162.461 -444.986 517.021 ;
-139.794 -1245.64 -345.326 293.554 -3979.78 189.841 919.325 189.841 0 0 35.6893 78.8591 2397.26 -108.146 -132.071 133.916 ;
-32.1332 -253.209 -75.7095 64.8898 -902.836 42.5297 189.474 0 42.5297 0 5.80128 26.2265 548.357 -21.7456 -36.0774 36.039 ;
-14.7084 -71.3133 -33.5701 46.9911 -419.47 18.3131 80.0909 0 0 18.3131 1.70649 10.9091 234.449 -6.24143 -14.2419 14.581 ;
-32.7219 -257.731 -82.9038 70.0718 -911.181 43.6492 201.861 35.6893 5.80128 1.70649 43.6492 0 547.378 -22.8134 -30.9147 31.522 ;
-90.7264 -857.125 -209.764 215.485 -2727.64 121.149 623.672 78.8591 26.2265 10.9091 0 121.149 1624.75 -62.4208 -91.799 93.9381 ;
-3132.72 -48832.5 -6394.38 9588.12 -120456 3490.13 35641.3 2397.26 548.357 234.449 547.378 1624.75 75789.7 -704.946 -1903.5 2121.01 ;
-48.7407 -157.054 256.446 437.609 -675.099 -147.899 -162.461 -108.146 -21.7456 -6.24143 -22.8134 -62.4208 -704.946 525.328 554.404 -547.549 ;
-78.3614 -348.384 357.511 1260.69 -1605.2 -204.368 -444.986 -132.071 -36.0774 -14.2419 -30.9147 -91.799 -1903.5 554.404 1608.32 -1739.45 ;
79.3965 379.786 -366.225 -1457.75 1746.97 207.34 517.021 133.916 36.039 14.581 31.522 93.9381 2121.01 -547.549 -1739.45 2278.58 ;
]
+++++++++++++
Iter 17

Size = 16
Data size = 136
[ 285.659 2389.84 472.319 -158.093 8421.67 -261.251 -1386.64 -195.647 -32.8323 -11.702 -42.9382 -118.233 -3964.15 -50.141 -68.0942 70.5125 ;
2389.84 54418.4 4147.92 3939.78 103971 -2309.6 -27532.6 -1746.51 -214.981 -59.7932 -352.398 -1066.98 -57290.3 -160.292 -311.764 350.8 ;
472.319 4147.92 1065.04 -14.3646 14607.5 -564.346 -2630.61 -426.811 -69.7083 -24.9149 -97.118 -243.339 -7648.29 194.445 209.499 -220.042 ;
-158.093 3939.78 -14.3646 3884.7 3778.64 21.4164 -4182.66 -8.73894 9.74771 9.59519 5.32193 9.31786 -7640.28 264.342 655.006 -773.627 ;
8421.67 103971 14607.5 3778.64 327034 -8052.03 -66078.9 -6082.3 -951.031 -341.694 -1326.73 -3788.08 -162357 -722.971 -1481.63 1648.7 ;
-261.251 -2309.6 -564.346 21.4164 -8052.03 314.001 1440.12 235.602 39.6792 13.7612 51.2996 141.562 4197.73 -112.63 -121.289 125.954 ;
-1386.64 -27532.6 -2630.61 -4182.66 -66078.9 1440.12 20071.2 1128.39 151.215 52.5126 236.982 687.454 39229.9 -106.119 -243.373 287.484 ;
-195.647 -1746.51 -426.811 -8.73894 -6082.3 235.602 1128.39 235.602 0 0 43.79 102.586 3194.65 -86.4112 -84.2928 88.888 ;
-32.8323 -214.981 -69.7083 9.74771 -951.031 39.6792 151.215 0 39.6792 0 5.40224 25.0216 491.272 -14.7156 -18.6437 18.3476 ;
-11.702 -59.7932 -24.9149 9.59519 -341.694 13.7612 52.5126 0 0 13.7612 1.46358 8.42213 168.547 -3.40619 -6.31307 6.32355 ;
-42.9382 -352.398 -97.118 5.32193 -1326.73 51.2996 236.982 43.79 5.40224 1.46358 51.2996 0 690.928 -17.6502 -18.5077 19.5254 ;
-118.233 -1066.98 -243.339 9.31786 -3788.08 141.562 687.454 102.586 25.0216 8.42213 0 141.562 1969.15 -48.7228 -55.2922 57.5506 ;
-3964.15 -57290.3 -7648.29 -7640.28 -162357 4197.73 39229.9 3194.65 491.272 168.547 690.928 1969.15 91729.6 -466.828 -1096.81 1238.13 ;
-50.141 -160.292 194.445 264.342 -722.971 -112.63 -106.119 -86.4112 -14.7156 -3.40619 -17.6502 -48.7228 -466.828 435.678 373.164 -377.733 ;
-68.0942 -311.764 209.499 655.006 -1481.63 -121.289 -243.373 -84.2928 -18.6437 -6.31307 -18.5077 -55.2922 -1096.81 373.164 965.611 -1171.36 ;
70.5125 350.8 -220.042 -773.627 1648.7 125.954 287.484 88.888 18.3476 6.32355 19.5254 57.5506 1238.13 -377.733 -1171.36 1641.54 ;
]
+++++++++++++
Iter 18

Size = 16
Data size = 136
[ 278.976 2423.02 460.56 -391.69 8352.25 -254.26 -1419.65 -186.255 -34.5296 -12.0608 -41.1957 -114.528 -3995.19 -50.8709 -64.0678 74.0554 ;
2423.02 65721.7 4199.19 859.113 110000 -2338.47 -30790.9 -1719.2 -253.675 -59.827 -338.503 -1096.16 -62445.5 -168.86 -308.172 389.01 ;
460.56 4199.19 1051.18 -426.33 14487.6 -556.511 -2707.41 -413.196 -73.7074 -25.643 -94.5818 -239.175 -7766.13 202.852 207.902 -245.659 ;
-391.69 859.113 -426.33 4240.16 -11113 245.195 -1918.57 161.886 30.0979 20.4942 39.9158 113.436 -832.869 281.647 663.055 -884.318 ;
8352.25 110000 14487.6 -11113 331556 -7968.02 -69913.8 -5874.62 -1025.92 -364.431 -1279.02 -3744.33 -168354 -751.715 -1448.4 1807.24 ;
-254.26 -2338.47 -556.511 245.195 -7968.02 309.175 1479.66 227.666 41.828 14.1775 49.8939 138.852 4255.16 -117.389 -119.864 140.051 ;
-1419.65 -30790.9 -2707.41 -1918.57 -69913.8 1479.66 22064.4 1131.35 175.957 57.4135 237.239 711.119 42596.2 -118.037 -263.614 355.04 ;
-186.255 -1719.2 -413.196 161.886 -5874.62 227.666 1131.35 227.666 0 0 42.1426 98.1048 3158.63 -89.8225 -81.9691 97.6197 ;
-34.5296 -253.675 -73.7074 30.0979 -1025.92 41.828 175.957 0 41.828 0 5.67209 26.3544 552.761 -15.5375 -19.2051 21.0569 ;
-12.0608 -59.827 -25.643 20.4942 -364.431 14.1775 57.4135 0 0 14.1775 1.46973 8.77342 182.544 -3.48174 -6.48403 7.23845 ;
-41.1957 -338.503 -94.5818 39.9158 -1279.02 49.8939 237.239 42.1426 5.67209 1.46973 49.8939 0 684.483 -18.358 -18.1188 21.5383 ;
-114.528 -1096.16 -239.175 113.436 -3744.33 138.852 711.119 98.1048 26.3544 8.77342 0 138.852 1995.74 -50.9151 -54.4837 64.0746 ;
-3995.19 -62445.5 -7766.13 -832.869 -168354 4255.16 42596.2 3158.63 552.761 182.544 684.483 1995.74 97839 -515.87 -1159.79 1480.24 ;
-50.8709 -168.86 202.852 281.647 -751.715 -117.389 -118.037 -89.8225 -15.5375 -3.48174 -18.358 -50.9151 -515.87 450.914 362.316 -410.822 ;
-64.0678 -308.172 207.902 663.055 -1448.4 -119.864 -263.614 -81.9691 -19.2051 -6.48403 -18.1188 -54.4837 -1159.79 362.316 873.493 -1118.98 ;
74.0554 389.01 -245.659 -884.318 1807.24 140.051 355.04 97.6197 21.0569 7.23845 21.5383 64.0746 1480.24 -410.822 -1118.98 1711.18 ;
]
+++++++++++++
Iter 19

Size = 16
Data size = 136
[ 269.69 2274.95 445.018 -418.888 7376.39 -245.298 -1336.64 -181.463 -33.1612 -10.0025 -39.8356 -109.996 -3562.63 -50.4448 -58.4042 79.504 ;
2274.95 55137.7 3947.76 -217.294 92443.3 -2192.55 -27621.7 -1640.83 -215.273 -51.0322 -322.655 -1011.51 -52268 -165.786 -281.156 423.45 ;
445.018 3947.76 1024.18 -459.069 12784.2 -541.869 -2557.29 -406.248 -71.4227 -21.3174 -92.2109 -232.209 -6957.39 206.727 187.89 -263.256 ;
-418.888 -217.294 -459.069 4160.69 -10019.3 260.815 -1196.36 172.176 38.4611 19.422 43.6007 120.579 -561.054 306.473 661.199 -1049.84 ;
7376.39 92443.3 12784.2 -10019.3 263534 -7020.81 -59057 -5239.58 -889.118 -276.276 -1132.55 -3280.42 -134340 -699.736 -1239.69 1824.43 ;
-245.298 -2192.55 -541.869 260.815 -7020.81 300.716 1397.39 223.476 40.5204 11.8761 48.5601 134.678 3810.05 -119.667 -108.255 149.92 ;
-1336.64 -27621.7 -2557.29 -1196.36 -59057 1397.39 19969.6 1088.84 154.068 44.9477 223.475 668.754 35851.2 -120.571 -248.696 403.557 ;
-181.463 -1640.83 -406.248 172.176 -5239.58 223.476 1088.84 223.476 0 0 41.0387 96.2852 2864.87 -92.01 -73.5704 104.655 ;
-33.1612 -215.273 -71.4227 38.4611 -889.118 40.5204 154.068 0 40.5204 0 5.59477 25.4513 479.529 -15.8047 -17.6999 22.5262 ;
-10.0025 -51.0322 -21.3174 19.422 -276.276 11.8761 44.9477 0 0 11.8761 1.32357 7.50132 139.141 -3.07178 -5.40682 6.91416 ;
-39.8356 -322.655 -92.2109 43.6007 -1132.55 48.5601 223.475 41.0387 5.59477 1.32357 48.5601 0 614.278 -18.6176 -16.0486 22.7311 ;
-109.996 -1011.51 -232.209 120.579 -3280.42 134.678 668.754 96.2852 25.4513 7.50132 0 134.678 1776.32 -52.4228 -48.9623 68.4553 ;
-3562.63 -52268 -6957.39 -561.054 -134340 3810.05 35851.2 2864.87 479.529 139.141 614.278 1776.32 78210.6 -496.658 -1018.84 1538.29 ;
-50.4448 -165.786 206.727 306.473 -699.736 -119.667 -120.571 -92.01 -15.8047 -3.07178 -18.6176 -52.4228 -496.658 457.228 332.029 -445.217 ;
-58.4042 -281.156 187.89 661.199 -1239.69 -108.255 -248.696 -73.5704 -17.6999 -5.40682 -16.0486 -48.9623 -1018.84 332.029 728.664 -1079.65 ;
79.504 423.45 -263.256 -1049.84 1824.43 149.92 403.557 104.655 22.5262 6.91416 22.7311 68.4553 1538.29 -445.217 -1079.65 1946.85 ;
]
+++++++++++++
Iter 20

Size = 16
Data size = 136
[ 272.672 2311.24 450.245 -390.824 6436.51 -247.909 -1373.56 -185.417 -34.1206 -7.37378 -40.4493 -110.302 -3220.44 -50.1054 -54.9407 88.2846 ;
2311.24 54989.4 4001.51 431.139 77634.2 -2222.93 -27070.1 -1657.15 -233.229 -38.8694 -327.515 -1011.51 -45102.2 -172.267 -281.816 506.758 ;
450.245 4001.51 1027.33 -363.956 11130.5 -543.007 -2629.15 -412.186 -72.2829 -15.4387 -92.9245 -231.438 -6290.97 194.735 160.436 -269.765 ;
-390.824 431.139 -363.956 4566.45 -8487.37 208.638 -2455.54 134.529 28.4648 15.9741 30.8926 96.0123 -825.446 340.599 697.824 -1331.29 ;
6436.51 77634.2 11130.5 -8487.37 192287 -6105.85 -50581 -4576.91 -805.292 -184.042 -989.607 -2824.08 -101433 -632.245 -1058.38 1838.49 ;
-247.909 -2222.93 -543.007 208.638 -6105.85 300.844 1434.62 225.967 41.145 8.76294 48.8134 133.976 3442.15 -112.46 -92.1976 153.127 ;
-1373.56 -27070.1 -2629.15 -2455.54 -50581 1434.62 20969.3 1111.76 176.127 35.4649 237.599 674.963 32312.5 -116.244 -236.333 474.75 ;
-185.417 -1657.15 -412.186 134.529 -4576.91 225.967 1111.76 225.967 0 0 41.4766 96.8633 2596.93 -87.1655 -63.1675 108.719 ;
-34.1206 -233.229 -72.2829 28.4648 -805.292 41.145 176.127 0 41.145 0 5.70115 25.9632 456.004 -14.8451 -15.2986 22.8307 ;
-7.37378 -38.8694 -15.4387 15.9741 -184.042 8.76294 35.4649 0 0 8.76294 1.03956 5.68901 94.3839 -2.24391 -3.75784 5.54089 ;
-40.4493 -327.515 -92.9245 30.8926 -989.607 48.8134 237.599 41.4766 5.70115 1.03956 48.8134 0 561.844 -17.5512 -13.6124 23.2913 ;
-110.302 -1011.51 -231.438 96.0123 -2824.08 133.976 674.963 96.8633 25.9632 5.68901 0 133.976 1588.33 -49.5592 -41.7379 70.341 ;
-3220.44 -45102.2 -6290.97 -825.446 -101433 3442.15 32312.5 2596.93 456.004 94.3839 561.844 1588.33 61512.7 -429.477 -841.442 1516.91 ;
-50.1054 -172.267 194.735 340.599 -632.245 -112.46 -116.244 -87.1655 -14.8451 -2.24391 -17.5512 -49.5592 -429.477 435.693 282.784 -450.504 ;
-54.9407 -281.816 160.436 697.824 -1058.38 -92.1976 -236.333 -63.1675 -15.2986 -3.75784 -13.6124 -41.7379 -841.442 282.784 588.223 -1002.61 ;
88.2846 506.758 -269.765 -1331.29 1838.49 153.127 474.75 108.719 22.8307 5.54089 23.2913 70.341 1516.91 -450.504 -1002.61 2169.45 ;
]
+++++++++++++
Iter 21

Size = 16
Data size = 136
[ 263.11 2363.06 441.407 -412.358 5286.66 -239.466 -1397.05 -180.89 -32.8845 -5.80636 -39.004 -104.654 -2771.19 -44.9378 -51.4217 88.276 ;
2363.06 61949.8 4187.37 -471.82 67240.5 -2282.97 -30319.7 -1747.54 -229.916 -30.2926 -330.166 -1033.56 -40650.8 -143.811 -239 451.438 ;
441.407 4187.37 1021.46 -459.451 9284.81 -535.345 -2687.14 -411.767 -70.0841 -11.7094 -91.5014 -225.776 -5461.7 188.762 149.653 -266.001 ;
-412.358 -471.82 -459.451 3608.96 -7301.77 249.873 -1269.95 174.325 34.0394 14.4833 38.593 108.138 324.589 273.678 564.847 -1123.95 ;
5286.66 67240.5 9284.81 -7301.77 130957 -5021.56 -42640 -3825.02 -652.063 -122.458 -811.12 -2281.02 -71903.3 -465.38 -799.867 1474.55 ;
-239.466 -2282.97 -535.345 249.873 -5021.56 292.287 1451.74 221.881 39.9737 6.88603 47.6746 128.134 2953.88 -107.17 -84.1323 148.116 ;
-1397.05 -30319.7 -2687.14 -1269.95 -42640 1451.74 22124.4 1149.41 168.777 26.7689 236.563 680.998 27804.6 -93.5757 -187.437 383.293 ;
-180.89 -1747.54 -411.767 174.325 -3825.02 221.881 1149.41 221.881 0 0 40.6019 93.3733 2259.17 -84.1185 -58.2033 106.18 ;
-32.8845 -229.916 -70.0841 34.0394 -652.063 39.9737 168.777 0 39.9737 0 5.64826 25.4785 385.753 -14.1861 -14.8443 23.4161 ;
-5.80636 -30.2926 -11.7094 14.4833 -122.458 6.88603 26.7689 0 0 6.88603 0.897591 4.53995 64.3909 -1.8435 -2.92526 4.68997 ;
-39.004 -330.166 -91.5014 38.593 -811.12 47.6746 236.563 40.6019 5.64826 0.897591 47.6746 0 480.269 -17.3413 -12.8512 23.3113 ;
-104.654 -1033.56 -225.776 108.138 -2281.02 128.134 680.998 93.3733 25.4785 4.53995 0 128.134 1342.65 -46.8506 -37.0042 66.7266 ;
-2771.19 -40650.8 -5461.7 324.589 -71903.3 2953.88 27804.6 2259.17 385.753 64.3909 480.269 1342.65 44722.9 -318.591 -635.057 1181.53 ;
-44.9378 -143.811 188.762 273.678 -465.38 -107.17 -93.5757 -84.1185 -14.1861 -1.8435 -17.3413 -46.8506 -318.591 400.614 231.073 -387.97 ;
-51.4217 -239 149.653 564.847 -799.867 -84.1323 -187.437 -58.2033 -14.8443 -2.92526 -12.8512 -37.0042 -635.057 231.073 505.329 -926.957 ;
88.276 451.438 -266.001 -1123.95 1474.55 148.116 383.293 106.18 23.4161 4.68997 23.3113 66.7266 1181.53 -387.97 -926.957 2163.29 ;
]
+++++++++++++
Iter 22

Size = 16
Data size = 136
[ 259.147 2295.88 436.14 -404.723 5279.37 -236.435 -1373.16 -177.866 -33.0384 -5.85435 -38.4775 -103.08 -2768.55 -43.2376 -48.7452 83.4981 ;
2295.88 58857 4075.69 -346.239 66222.4 -2220.41 -29257.9 -1693.9 -227.738 -30.7943 -322.618 -1000.46 -40026.1 -136.121 -221.978 416.218 ;
436.14 4075.69 1008.06 -458.776 9298.62 -528.107 -2639.21 -404.727 -70.2943 -11.7725 -90.1674 -222.237 -5447.14 185.155 143.248 -254.557 ;
-404.723 -346.239 -458.776 3748.44 -7928.52 249.103 -1353.08 171.632 35.12 15.1112 37.9783 108.17 592.807 263.017 537.347 -1064.91 ;
5279.37 66222.4 9298.62 -7928.52 132900 -5025.14 -42599.2 -3811.35 -665.089 -125.875 -811.148 -2278.88 -73010.3 -447.083 -761.172 1398.26 ;
-236.435 -2220.41 -528.107 249.103 -5025.14 288.13 1424.97 217.917 40.0384 6.92061 46.9542 126.028 2943.9 -105.097 -80.5693 141.779 ;
-1373.16 -29257.9 -2639.21 -1353.08 -42599.2 1424.97 21678.2 1124.54 168.957 27.0351 232.909 666.638 27744.1 -89.2527 -174.85 354.744 ;
-177.866 -1693.9 -404.727 171.632 -3811.35 217.917 1124.54 217.917 0 0 39.8559 91.3471 2243.22 -82.354 -55.2733 100.953 ;
-33.0384 -227.738 -70.2943 35.12 -665.089 40.0384 168.957 0 40.0384 0 5.67098 25.4518 391.225 -14.048 -14.5311 22.8823 ;
-5.85435 -30.7943 -11.7725 15.1112 -125.875 6.92061 27.0351 0 0 6.92061 0.910505 4.56089 65.6572 -1.82202 -2.89721 4.65312 ;
-38.4775 -322.618 -90.1674 37.9783 -811.148 46.9542 232.909 39.8559 5.67098 0.910505 46.9542 0 478.716 -17.0183 -12.2262 22.2069 ;
-103.08 -1000.46 -222.237 108.17 -2278.88 126.028 666.638 91.3471 25.4518 4.56089 0 126.028 1335.54 -45.9097 -35.3894 63.7745 ;
-2768.55 -40026.1 -5447.14 592.807 -73010.3 2943.9 27744.1 2243.22 391.225 65.6572 478.716 1335.54 45307.9 -306.9 -606.477 1123.06 ;
-43.2376 -136.121 185.155 263.017 -447.083 -105.097 -89.2527 -82.354 -14.048 -1.82202 -17.0183 -45.9097 -306.9 390.598 220.812 -370.952 ;
-48.7452 -221.978 143.248 537.347 -761.172 -80.5693 -174.85 -55.2733 -14.5311 -2.89721 -12.2262 -35.3894 -606.477 220.812 481.739 -894.794 ;
83.4981 416.218 -254.557 -1064.91 1398.26 141.779 354.744 100.953 22.8823 4.65312 22.2069 63.7745 1123.06 -370.952 -894.794 2094.41 ;
]
+++++++++++++
Iter 23

Size = 16
Data size = 136
[ 256.595 2293.47 431.808 -336.121 5148.12 -233.951 -1371.63 -176.494 -32.973 -4.81656 -38.1579 -101.784 -2714.09 -43.0459 -49.6145 86.9101 ;
2293.47 59048.8 4069.21 838.336 64786.1 -2216.89 -29249.9 -1693.02 -228.822 -25.2672 -322.119 -997.49 -39315.3 -138.333 -227.94 437.925 ;
431.808 4069.21 1002.55 -315.652 9060.4 -525.08 -2639.13 -403.402 -70.5544 -9.68661 -89.8491 -220.408 -5350.44 188.524 144.286 -261.954 ;
-336.121 838.336 -315.652 3903.28 -5906.55 171.512 -2281.02 112.455 25.2172 12.1451 25.2396 71.8444 -672.67 279.904 567.517 -1150.57 ;
5148.12 64786.1 9060.4 -5906.55 127044 -4894.14 -41655.6 -3723.75 -652.161 -102.702 -792.303 -2214.95 -70123.3 -447.373 -766.923 1442.51 ;
-233.951 -2216.89 -525.08 171.512 -4894.14 286.344 1424.49 217.083 40.1747 5.76113 46.7602 124.951 2890.85 -106.931 -81.1111 145.844 ;
-1371.63 -29249.9 -2639.13 -2281.02 -41655.6 1424.49 21770 1126.27 170.987 22.2607 234.171 664.393 27306.3 -91.7224 -177.338 367.803 ;
-176.494 -1693.02 -403.402 112.455 -3723.75 217.083 1126.27 217.083 0 0 39.7939 90.9043 2209.21 -83.681 -55.7339 104.121 ;
-32.973 -228.822 -70.5544 25.2172 -652.161 40.1747 170.987 0 40.1747 0 5.68042 25.5129 387.079 -14.5268 -14.7975 23.716 ;
-4.81656 -25.2672 -9.68661 12.1451 -102.702 5.76113 22.2607 0 0 5.76113 0.762793 3.84436 53.3632 -1.66329 -2.57765 4.21765 ;
-38.1579 -322.119 -89.8491 25.2396 -792.303 46.7602 234.171 39.7939 5.68042 0.762793 46.7602 0 471.434 -17.3388 -12.338 22.8913 ;
-101.784 -997.49 -220.408 71.8444 -2214.95 124.951 664.393 90.9043 25.5129 3.84436 0 124.951 1309.03 -46.5754 -35.4403 65.3241 ;
-2714.09 -39315.3 -5350.44 -672.67 -70123.3 2890.85 27306.3 2209.21 387.079 53.3632 471.434 1309.03 43775.2 -312.115 -606.606 1145.91 ;
-43.0459 -138.333 188.524 279.904 -447.373 -106.931 -91.7224 -83.681 -14.5268 -1.66329 -17.3388 -46.5754 -312.115 395.162 225.042 -386.467 ;
-49.6145 -227.94 144.286 567.517 -766.923 -81.1111 -177.338 -55.7339 -14.7975 -2.57765 -12.338 -35.4403 -606.606 225.042 483.492 -909.675 ;
86.9101 437.925 -261.954 -1150.57 1442.51 145.844 367.803 104.121 23.716 4.21765 22.8913 65.3241 1145.91 -386.467 -909.675 2171.79 ;
]
+++++++++++++
Iter 24

Size = 16
Data size = 136
[ 255.727 2295.38 431.152 -329.265 4988.26 -233.258 -1373.08 -176.192 -32.7367 -4.83483 -37.953 -101.56 -2648.09 -42.5388 -49.3193 87.5386 ;
2295.38 59277.3 4080.26 942.726 62759.2 -2219.21 -29361.7 -1698.53 -228.032 -25.3433 -321.414 -1000.01 -38293 -136.842 -226.421 440.835 ;
431.152 4080.26 1002.02 -300.625 8789.82 -524.348 -2643.78 -403.366 -70.0811 -9.69575 -89.4977 -220.345 -5226.97 187.969 143.17 -263.312 ;
-329.265 942.726 -300.625 3901.52 -5497.71 162.598 -2362.69 105.772 24.2355 12.0257 23.3124 68.0239 -766.503 281.819 569.906 -1169.95 ;
4988.26 62759.2 8789.82 -5497.71 119094 -4741.75 -40306.6 -3613.01 -629.204 -99.9466 -765.946 -2147.08 -66137.1 -431.851 -741.839 1413.17 ;
-233.258 -2219.21 -524.348 162.598 -4741.75 285.513 1425.69 216.673 39.9342 5.78488 46.5372 124.663 2821.05 -106.394 -80.304 146.306 ;
-1373.08 -29361.7 -2643.78 -2362.69 -40306.6 1425.69 21843.5 1128.99 170.145 22.3362 234.328 664.989 26559.8 -90.7391 -175.193 367.802 ;
