============== BHHH ===============

Size = 9
Data size = 45
[ 320.748 31915.9 6274.97 -302.723 -14366.2 -2078.95 -147.591 -219.376 -7.55603 ;
31915.9 5.34621e+06 1.16085e+06 -31170.3 -2.47913e+06 -392385 -15393.7 -13159.2 -320.967 ;
6274.97 1.16085e+06 315802 -6079.18 -567917 -93428 -3083.03 -2316.91 -124.464 ;
-302.723 -31170.3 -6079.18 369.734 14949.1 2149.5 180.472 -383.343 -32.8809 ;
-14366.2 -2.47913e+06 -567917 14949.1 1.57801e+06 250067 7428.23 -11612.9 -296.573 ;
-2078.95 -392385 -93428 2149.5 250067 42170 1085.59 -1398.5 -34.8633 ;
-147.591 -15393.7 -3083.03 180.472 7428.23 1085.59 180.472 -191.508 -32.8809 ;
-219.376 -13159.2 -2316.91 -383.343 -11612.9 -1398.5 -191.508 20690.2 335.879 ;
-7.55603 -320.967 -124.464 -32.8809 -296.573 -34.8633 -32.8809 335.879 40.4369 ;
]

============== Hessian ===============

Size = 9
Data size = 45
[ 334.253 32230.2 5948.7 -308.195 -12653.4 -1768.75 -149.246 -151.72 -11.1966 ;
32230.2 5.09411e+06 1.02703e+06 -31264.2 -2.14977e+06 -327830 -15989.5 -8164.1 -408.112 ;
5948.7 1.02703e+06 265709 -5792.22 -476373 -77217.7 -3108.5 -1268.82 -77.0714 ;
-308.195 -31264.2 -5792.22 375.842 13310 1841.24 180.955 -412.842 -31.709 ;
-12653.4 -2.14977e+06 -476373 13310 1.05017e+06 164054 7055.01 -6764.56 -302.155 ;
-1768.75 -327830 -77217.7 1841.24 164054 27120.3 1000.47 -731.709 -32.9536 ;
-149.246 -15989.5 -3108.5 180.955 7055.01 1000.47 180.955 -186.467 -31.709 ;
-151.72 -8164.1 -1268.82 -412.842 -6764.56 -731.709 -186.467 5980.11 249.016 ;
-11.1966 -408.112 -77.0714 -31.709 -302.155 -32.9536 -31.709 249.016 42.9056 ;
]

