# This file has automatically been generated
# biogeme 2.5 [Die Okt 4 11:31:19 CEST 2016]
# <a href='http://people.epfl.ch/michel.bierlaire'>Michel Bierlaire</a>, <a href='http://transp-or.epfl.ch'>Transport and Mobility Laboratory</a>, <a href='http://www.epfl.ch'>Ecole Polytechnique F&eacute;d&eacute;rale de Lausanne (EPFL)</a>
# Tue Nov 22 10:00:33 2016</p>
#
ASC_TRAIN = Beta('ASC_TRAIN',-0.172014,-1,1,0,'ASC_TRAIN' )

B_TRAIN_TIME = Beta('B_TRAIN_TIME',-0.0178087,-1,1,0,'B_TRAIN_TIME' )

B_COST_TRAIN = Beta('B_COST_TRAIN',0.0152849,-1,1,0,'B_COST_TRAIN' )

ASC_CAR = Beta('ASC_CAR',0.374081,-1,1,0,'ASC_CAR' )

B_CAR_TIME = Beta('B_CAR_TIME',-0.0429167,-1,1,0,'B_CAR_TIME' )

B_COST_CAR = Beta('B_COST_CAR',0.072063,-1,1,0,'B_COST_CAR' )

B_MALE = Beta('B_MALE',0.19456,-1,1,0,'B_MALE' )

ASC_WALK = Beta('ASC_WALK',0,-1,1,1,'ASC_WALK' )

B_WALK_DIST = Beta('B_WALK_DIST',-0.226543,-1,1,0,'B_WALK_DIST' )


## Code for the sensitivity analysis
names = ['ASC_CAR','ASC_TRAIN','B_CAR_TIME','B_COST_CAR','B_COST_TRAIN','B_MALE','B_TRAIN_TIME','B_WALK_DIST']
values = [[0.0999761,0.0914202,0.000423001,-0.000694524,0.00010949,-0.00643364,0.000147409,0.015291],[0.0914202,0.0953567,0.00047043,-0.00234178,-9.58319e-05,-0.00167714,4.03452e-05,0.0143745],[0.000423001,0.00047043,0.000110822,-0.0003707,1.02342e-05,-0.000134029,2.01666e-05,0.00019253],[-0.000694524,-0.00234178,-0.0003707,0.00218668,0.000148645,0.000187165,-3.61798e-05,-0.000392046],[0.00010949,-9.58319e-05,1.02342e-05,0.000148645,5.54452e-05,-3.03389e-05,3.94126e-06,5.70576e-05],[-0.00643364,-0.00167714,-0.000134029,0.000187165,-3.03389e-05,0.0108976,-3.13835e-05,-0.000485668],[0.000147409,4.03452e-05,2.01666e-05,-3.61798e-05,3.94126e-06,-3.13835e-05,6.08441e-06,4.94616e-05],[0.015291,0.0143745,0.00019253,-0.000392046,5.70576e-05,-0.000485668,4.94616e-05,0.00281116]]
vc = bioMatrix(8,names,values)
BIOGEME_OBJECT.VARCOVAR = vc
