# This file has automatically been generated
# biogeme 2.5 [Die Okt 4 11:31:19 CEST 2016]
# <a href='http://people.epfl.ch/michel.bierlaire'>Michel Bierlaire</a>, <a href='http://transp-or.epfl.ch'>Transport and Mobility Laboratory</a>, <a href='http://www.epfl.ch'>Ecole Polytechnique F&eacute;d&eacute;rale de Lausanne (EPFL)</a>
# Tue Nov 22 10:35:30 2016</p>
#
ASC_TRAIN = Beta('ASC_TRAIN',-0.897475,-10000,10000,0,'ASC_TRAIN' )

B_TRAIN_TIME = Beta('B_TRAIN_TIME',-0.0163309,-10000,10000,0,'B_TRAIN_TIME' )

B_COST_TRAIN = Beta('B_COST_TRAIN',0.0131272,-10000,10000,0,'B_COST_TRAIN' )

B_LANG_CODE = Beta('B_LANG_CODE',1.33119,-10000,10000,0,'B_LANG_CODE' )

B_MOTHER_TONGUE = Beta('B_MOTHER_TONGUE',0.058465,-10000,10000,0,'B_MOTHER_TONGUE' )

ASC_CAR = Beta('ASC_CAR',1.14007,-10000,10000,0,'ASC_CAR' )

B_CAR_TIME = Beta('B_CAR_TIME',-0.0403349,-10000,10000,0,'B_CAR_TIME' )

B_COST_CAR = Beta('B_COST_CAR',0.0655785,-10000,10000,0,'B_COST_CAR' )

B_MALE_CAR = Beta('B_MALE_CAR',0.287596,-10000,10000,0,'B_MALE_CAR' )

B_TYPE_COMMUNE_CAR = Beta('B_TYPE_COMMUNE_CAR',0.182507,-10000,10000,0,'B_TYPE_COMMUNE_CAR' )

ASC_WALK = Beta('ASC_WALK',0,-10000,10000,1,'ASC_WALK' )

B_WALK_DIST = Beta('B_WALK_DIST',-0.231583,-10000,10000,0,'B_WALK_DIST' )

B_TRIP_PURPOSE = Beta('B_TRIP_PURPOSE',-0.263216,-10000,10000,0,'B_TRIP_PURPOSE' )


## Code for the sensitivity analysis
names = ['ASC_CAR','ASC_TRAIN','B_CAR_TIME','B_COST_CAR','B_COST_TRAIN','B_LANG_CODE','B_MALE_CAR','B_MOTHER_TONGUE','B_TRAIN_TIME','B_TRIP_PURPOSE','B_TYPE_COMMUNE_CAR','B_WALK_DIST']
values = [[0.250019,0.152466,0.000453994,-0.00127168,4.49486e-05,0.0385971,-0.00426535,0.00729081,0.000127428,0.022526,-0.00243827,0.0188847],[0.152466,0.169651,0.000539868,-0.00258059,-3.88396e-05,-0.00490537,-0.00373933,-0.00710585,4.00076e-05,0.0217476,-0.00062079,0.0179611],[0.000453994,0.000539868,0.000109554,-0.000370297,9.68052e-06,-4.3681e-05,-0.000153635,-3.75542e-05,2.00793e-05,4.72369e-06,-1.73367e-05,0.000192025],[-0.00127168,-0.00258059,-0.000370297,0.0022665,0.000163412,-4.45251e-05,0.000216235,0.000116561,-3.36632e-05,2.60999e-05,9.84749e-05,-0.00037542],[4.49486e-05,-3.88396e-05,9.68052e-06,0.000163412,5.88941e-05,-5.29653e-05,-3.62812e-05,-2.27003e-05,4.18465e-06,2.99512e-05,1.85208e-06,6.04261e-05],[0.0385971,-0.00490537,-4.3681e-05,-4.45251e-05,-5.29653e-05,0.0241592,0.00231077,0.00468457,-1.01672e-05,0.000370369,0.00092878,-0.000120677],[-0.00426535,-0.00373933,-0.000153635,0.000216235,-3.62812e-05,0.00231077,0.0121685,0.00170009,-3.56695e-05,-0.000228603,0.000262242,-0.000461958],[0.00729081,-0.00710585,-3.75542e-05,0.000116561,-2.27003e-05,0.00468457,0.00170009,0.00671215,-1.56516e-06,0.000191747,0.000192399,-2.24588e-05],[0.000127428,4.00076e-05,2.00793e-05,-3.36632e-05,4.18465e-06,-1.01672e-05,-3.56695e-05,-1.56516e-06,6.31015e-06,-1.9614e-06,1.20888e-06,5.03098e-05],[0.022526,0.0217476,4.72369e-06,2.60999e-05,2.99512e-05,0.000370369,-0.000228603,0.000191747,-1.9614e-06,0.0075038,3.86081e-05,0.00115415],[-0.00243827,-0.00062079,-1.73367e-05,9.84749e-05,1.85208e-06,0.00092878,0.000262242,0.000192399,1.20888e-06,3.86081e-05,0.00074854,-6.07638e-05],[0.0188847,0.0179611,0.000192025,-0.00037542,6.04261e-05,-0.000120677,-0.000461958,-2.24588e-05,5.03098e-05,0.00115415,-6.07638e-05,0.00298649]]
vc = bioMatrix(12,names,values)
BIOGEME_OBJECT.VARCOVAR = vc
