# This file has automatically been generated
# biogeme 2.5 [Die Okt 4 11:31:19 CEST 2016]
# <a href='http://people.epfl.ch/michel.bierlaire'>Michel Bierlaire</a>, <a href='http://transp-or.epfl.ch'>Transport and Mobility Laboratory</a>, <a href='http://www.epfl.ch'>Ecole Polytechnique F&eacute;d&eacute;rale de Lausanne (EPFL)</a>
# Tue Nov 22 11:00:53 2016</p>
#
ASC_TRAIN = Beta('ASC_TRAIN',-0.859697,-10000,10000,0,'ASC_TRAIN' )

B_TRAIN_TIME = Beta('B_TRAIN_TIME',-0.0157175,-10000,10000,0,'B_TRAIN_TIME' )

B_COST_TRAIN = Beta('B_COST_TRAIN',0.0159792,-10000,10000,0,'B_COST_TRAIN' )

B_LANG_CODE = Beta('B_LANG_CODE',1.35509,-10000,10000,0,'B_LANG_CODE' )

ASC_CAR = Beta('ASC_CAR',2.04754,-10000,10000,0,'ASC_CAR' )

B_CAR_TIME = Beta('B_CAR_TIME',-0.0337643,-10000,10000,0,'B_CAR_TIME' )

B_COST_CAR = Beta('B_COST_CAR',0.0459138,-10000,10000,0,'B_COST_CAR' )

B_MALE_CAR = Beta('B_MALE_CAR',-0.0883598,-10000,10000,0,'B_MALE_CAR' )

B_TYPE_COMMUNE_CAR1 = Beta('B_TYPE_COMMUNE_CAR1',-1.05592,-10000,10000,0,'B_TYPE_COMMUNE_CAR1' )

B_TYPE_COMMUNE_CAR2 = Beta('B_TYPE_COMMUNE_CAR2',0,-10000,10000,1,'B_TYPE_COMMUNE_CAR2' )

B_CAR_AVAIL1 = Beta('B_CAR_AVAIL1',0.707486,-10000,10000,0,'B_CAR_AVAIL1' )

B_CAR_AVAIL2 = Beta('B_CAR_AVAIL2',-0.90321,-10000,10000,0,'B_CAR_AVAIL2' )

B_CAR_AVAIL3 = Beta('B_CAR_AVAIL3',-3.26803,-10000,10000,0,'B_CAR_AVAIL3' )

ASC_WALK = Beta('ASC_WALK',0,-10000,10000,1,'ASC_WALK' )

B_WALK_DIST = Beta('B_WALK_DIST',-0.231133,-10000,10000,0,'B_WALK_DIST' )

B_TRIP_PURPOSE = Beta('B_TRIP_PURPOSE',-0.241258,-10000,10000,0,'B_TRIP_PURPOSE' )


## Code for the sensitivity analysis
names = ['ASC_CAR','ASC_TRAIN','B_CAR_AVAIL1','B_CAR_AVAIL2','B_CAR_AVAIL3','B_CAR_TIME','B_COST_CAR','B_COST_TRAIN','B_LANG_CODE','B_MALE_CAR','B_TRAIN_TIME','B_TRIP_PURPOSE','B_TYPE_COMMUNE_CAR1','B_WALK_DIST']
values = [[0.311101,0.17478,-0.0403835,-0.0446339,-0.0397286,0.000714995,-0.00123679,0.000303766,0.0491122,-0.00187864,0.000214583,0.0242425,-0.0733425,0.0211031],[0.17478,0.172415,-0.00515955,-0.00318373,0.00587769,0.000563791,-0.00227637,1.8566e-05,0.00131294,-0.000993485,6.97397e-05,0.0238151,-0.0160278,0.0190253],[-0.0403835,-0.00515955,0.0447876,0.0392655,0.0370461,5.35461e-05,-0.000130532,6.0877e-05,0.00147409,-0.0066485,-8.1085e-06,-0.000377309,0.00881854,-0.000775897],[-0.0446339,-0.00318373,0.0392655,0.0645165,0.0366227,-0.000270576,0.000385246,-0.000118754,-0.00141687,-0.00439595,-8.34027e-05,-0.000866939,0.0093566,-0.000909697],[-0.0397286,0.00587769,0.0370461,0.0366227,0.209932,0.000343414,-0.00132749,-0.000141054,-0.00587347,-0.0020353,0.000102043,-0.000345087,0.00543863,0.00149897],[0.000714995,0.000563791,5.35461e-05,-0.000270576,0.000343414,0.000115644,-0.000358857,1.94383e-05,9.67048e-05,-0.00019295,2.12787e-05,3.62131e-05,-0.00100491,0.000206905],[-0.00123679,-0.00227637,-0.000130532,0.000385246,-0.00132749,-0.000358857,0.00212005,0.000166191,-0.000372432,0.000179052,-3.8205e-05,-1.43401e-05,0.00140624,-0.000369875],[0.000303766,1.8566e-05,6.0877e-05,-0.000118754,-0.000141054,1.94383e-05,0.000166191,7.81427e-05,4.79678e-05,-9.24901e-05,4.54957e-06,6.57537e-05,-0.000514712,7.51841e-05],[0.0491122,0.00131294,0.00147409,-0.00141687,-0.00587347,9.67048e-05,-0.000372432,4.79678e-05,0.0266235,0.000136746,2.81108e-06,1.91601e-05,-0.0227433,0.000285342],[-0.00187864,-0.000993485,-0.0066485,-0.00439595,-0.0020353,-0.00019295,0.000179052,-9.24901e-05,0.000136746,0.0145996,-4.3531e-05,-0.000258923,-0.000920308,-0.000347845],[0.000214583,6.97397e-05,-8.1085e-06,-8.34027e-05,0.000102043,2.12787e-05,-3.8205e-05,4.54957e-06,2.81108e-06,-4.3531e-05,6.43882e-06,8.13399e-07,-0.000264498,5.52122e-05],[0.0242425,0.0238151,-0.000377309,-0.000866939,-0.000345087,3.62131e-05,-1.43401e-05,6.57537e-05,1.91601e-05,-0.000258923,8.13399e-07,0.00849624,-0.0028715,0.00121506],[-0.0733425,-0.0160278,0.00881854,0.0093566,0.00543863,-0.00100491,0.00140624,-0.000514712,-0.0227433,-0.000920308,-0.000264498,-0.0028715,0.209077,-0.00412428],[0.0211031,0.0190253,-0.000775897,-0.000909697,0.00149897,0.000206905,-0.000369875,7.51841e-05,0.000285342,-0.000347845,5.52122e-05,0.00121506,-0.00412428,0.00314484]]
vc = bioMatrix(14,names,values)
BIOGEME_OBJECT.VARCOVAR = vc
