# This file has automatically been generated
# biogeme 2.5 [Die Okt 4 11:31:19 CEST 2016]
# <a href='http://people.epfl.ch/michel.bierlaire'>Michel Bierlaire</a>, <a href='http://transp-or.epfl.ch'>Transport and Mobility Laboratory</a>, <a href='http://www.epfl.ch'>Ecole Polytechnique F&eacute;d&eacute;rale de Lausanne (EPFL)</a>
# Tue Nov 22 11:21:08 2016</p>
#
ASC_TRAIN = Beta('ASC_TRAIN',-0.811565,-10000,10000,0,'ASC_TRAIN' )

B_TRAIN_TIME = Beta('B_TRAIN_TIME',-0.0113628,-10000,10000,0,'B_TRAIN_TIME' )

B_COST_TRAIN = Beta('B_COST_TRAIN',-0.0570084,-10000,10000,0,'B_COST_TRAIN' )

B_LANG_CODE = Beta('B_LANG_CODE',1.08275,-10000,10000,0,'B_LANG_CODE' )

ASC_CAR = Beta('ASC_CAR',1.21047,-10000,10000,0,'ASC_CAR' )

B_CAR_TIME = Beta('B_CAR_TIME',-0.0346959,-10000,10000,0,'B_CAR_TIME' )

B_COST_CAR = Beta('B_COST_CAR',-0.0228335,-10000,10000,0,'B_COST_CAR' )

B_CAR_AVAIL1 = Beta('B_CAR_AVAIL1',0.740797,-10000,10000,0,'B_CAR_AVAIL1' )

B_CAR_AVAIL2 = Beta('B_CAR_AVAIL2',-0.834983,-10000,10000,0,'B_CAR_AVAIL2' )

B_CAR_AVAIL3 = Beta('B_CAR_AVAIL3',-2.99003,-10000,10000,0,'B_CAR_AVAIL3' )

B_FreqCarPar1 = Beta('B_FreqCarPar1',0,-10000,10000,1,'B_FreqCarPar1' )

B_FreqCarPar2 = Beta('B_FreqCarPar2',0.420334,-10000,10000,0,'B_FreqCarPar2' )

B_FreqCarPar3 = Beta('B_FreqCarPar3',0.520443,-10000,10000,0,'B_FreqCarPar3' )

ASC_WALK = Beta('ASC_WALK',0,-10000,10000,1,'ASC_WALK' )

B_WALK_DIST = Beta('B_WALK_DIST',-0.240291,-10000,10000,0,'B_WALK_DIST' )

B_TRIP_PURPOSE = Beta('B_TRIP_PURPOSE',-0.238647,-10000,10000,0,'B_TRIP_PURPOSE' )


## Code for the sensitivity analysis
names = ['ASC_CAR','ASC_TRAIN','B_CAR_AVAIL1','B_CAR_AVAIL2','B_CAR_AVAIL3','B_CAR_TIME','B_COST_CAR','B_COST_TRAIN','B_FreqCarPar2','B_FreqCarPar3','B_LANG_CODE','B_TRAIN_TIME','B_TRIP_PURPOSE','B_WALK_DIST']
values = [[0.308248,0.175221,-0.0422355,-0.0438833,-0.039303,0.000879344,-0.00127138,0.000707567,-0.00162041,-0.0108389,0.044882,0.000269795,0.0235884,0.021642],[0.175221,0.172073,-0.00459011,-0.00226131,0.00255971,0.000535928,-0.00225413,0.000120227,-0.000213144,-0.00271119,0.00174094,5.30903e-05,0.0223408,0.0193352],[-0.0422355,-0.00459011,0.049297,0.046262,0.0465403,-0.000113965,-0.000548953,-0.000374687,-0.00766069,-0.006115,0.00271473,-5.74665e-05,-0.000448135,-0.00120057],[-0.0438833,-0.00226131,0.046262,0.0748046,0.0486135,-0.000372534,9.9747e-05,-0.000475252,-0.0085468,-0.0104496,0.000755044,-0.00012732,-0.000700595,-0.00119009],[-0.039303,0.00255971,0.0465403,0.0486135,0.199089,4.43661e-05,-0.000871207,-0.00050029,-0.0118687,-0.0105257,-0.00117221,1.468e-05,-0.00112805,0.000631065],[0.000879344,0.000535928,-0.000113965,-0.000372534,4.43661e-05,0.000105401,-0.000313643,5.53992e-05,-0.00011231,-4.49221e-05,0.000112431,1.93152e-05,4.32451e-05,0.000201275],[-0.00127138,-0.00225413,-0.000548953,9.9747e-05,-0.000871207,-0.000313643,0.00170325,-3.84943e-05,0.00084483,0.000182899,-0.00045345,-1.37591e-05,-0.000123875,-0.000353224],[0.000707567,0.000120227,-0.000374687,-0.000475252,-0.00050029,5.53992e-05,-3.84943e-05,0.000107135,0.00012223,6.74054e-06,5.27255e-05,1.17985e-05,2.18527e-05,0.000128977],[-0.00162041,-0.000213144,-0.00766069,-0.0085468,-0.0118687,-0.00011231,0.00084483,0.00012223,0.0289035,0.0097259,-0.000231287,1.65905e-06,0.000562461,-0.000163494],[-0.0108389,-0.00271119,-0.006115,-0.0104496,-0.0105257,-4.49221e-05,0.000182899,6.74054e-06,0.0097259,0.0177711,-0.00302491,6.60537e-07,-0.00085711,-0.00017471],[0.044882,0.00174094,0.00271473,0.000755044,-0.00117221,0.000112431,-0.00045345,5.27255e-05,-0.000231287,-0.00302491,0.0245325,4.06617e-06,0.000351053,0.000156652],[0.000269795,5.30903e-05,-5.74665e-05,-0.00012732,1.468e-05,1.93152e-05,-1.37591e-05,1.17985e-05,1.65905e-06,6.60537e-07,4.06617e-06,7.23356e-06,7.71512e-06,5.79124e-05],[0.0235884,0.0223408,-0.000448135,-0.000700595,-0.00112805,4.32451e-05,-0.000123875,2.18527e-05,0.000562461,-0.00085711,0.000351053,7.71512e-06,0.00811059,0.00107318],[0.021642,0.0193352,-0.00120057,-0.00119009,0.000631065,0.000201275,-0.000353224,0.000128977,-0.000163494,-0.00017471,0.000156652,5.79124e-05,0.00107318,0.00326301]]
vc = bioMatrix(14,names,values)
BIOGEME_OBJECT.VARCOVAR = vc
