# This file has automatically been generated
# biogeme 2.5 [Die Okt 4 11:31:19 CEST 2016]
# <a href='http://people.epfl.ch/michel.bierlaire'>Michel Bierlaire</a>, <a href='http://transp-or.epfl.ch'>Transport and Mobility Laboratory</a>, <a href='http://www.epfl.ch'>Ecole Polytechnique F&eacute;d&eacute;rale de Lausanne (EPFL)</a>
# Tue Nov 22 10:21:09 2016</p>
#
ASC_TRAIN = Beta('ASC_TRAIN',-0.797017,-10000,10000,0,'ASC_TRAIN' )

B_TRAIN_TIME = Beta('B_TRAIN_TIME',-0.0177278,-10000,10000,0,'B_TRAIN_TIME' )

B_COST_TRAIN = Beta('B_COST_TRAIN',0.0153085,-10000,10000,0,'B_COST_TRAIN' )

ASC_CAR = Beta('ASC_CAR',-0.0898177,-10000,10000,0,'ASC_CAR' )

B_CAR_TIME = Beta('B_CAR_TIME',-0.0427529,-10000,10000,0,'B_CAR_TIME' )

B_COST_CAR = Beta('B_COST_CAR',0.0716979,-10000,10000,0,'B_COST_CAR' )

B_MALE_CAR = Beta('B_MALE_CAR',0.197582,-10000,10000,0,'B_MALE_CAR' )

B_URBAN_RURAL = Beta('B_URBAN_RURAL',-0.105955,-10000,10000,0,'B_URBAN_RURAL' )

ASC_WALK = Beta('ASC_WALK',0,-10000,10000,1,'ASC_WALK' )

B_WALK_DIST = Beta('B_WALK_DIST',-0.234385,-10000,10000,0,'B_WALK_DIST' )

B_TRIP_PURPOSE = Beta('B_TRIP_PURPOSE',-0.276102,-10000,10000,0,'B_TRIP_PURPOSE' )


## Code for the sensitivity analysis
names = ['ASC_CAR','ASC_TRAIN','B_CAR_TIME','B_COST_CAR','B_COST_TRAIN','B_MALE_CAR','B_TRAIN_TIME','B_TRIP_PURPOSE','B_URBAN_RURAL','B_WALK_DIST']
values = [[0.187945,0.156748,0.000374597,-0.000543043,0.00014519,-0.00627652,0.000132227,0.0231136,-0.0149966,0.018233],[0.156748,0.162027,0.00051611,-0.00233696,-1.09335e-05,-0.00186868,4.3624e-05,0.0228961,0.000931772,0.017886],[0.000374597,0.00051611,0.000111512,-0.000373909,1.01985e-05,-0.000132467,2.01791e-05,1.59407e-05,5.8942e-05,0.000196107],[-0.000543043,-0.00233696,-0.000373909,0.0021909,0.000143305,0.000174118,-3.61233e-05,3.3249e-05,-9.20918e-05,-0.000406219],[0.00014519,-1.09335e-05,1.01985e-05,0.000143305,5.32959e-05,-3.02712e-05,3.97206e-06,4.47277e-05,2.96238e-05,5.62195e-05],[-0.00627652,-0.00186868,-0.000132467,0.000174118,-3.02712e-05,0.010889,-3.16684e-05,-0.000202449,-0.000246367,-0.000453062],[0.000132227,4.3624e-05,2.01791e-05,-3.61233e-05,3.97206e-06,-3.16684e-05,6.06557e-06,5.89134e-07,1.15075e-05,4.99727e-05],[0.0231136,0.0228961,1.59407e-05,3.3249e-05,4.47277e-05,-0.000202449,5.89134e-07,0.00750929,-6.12523e-05,0.00135441],[-0.0149966,0.000931772,5.8942e-05,-9.20918e-05,2.96238e-05,-0.000246367,1.15075e-05,-6.12523e-05,0.0105654,0.00035267],[0.018233,0.017886,0.000196107,-0.000406219,5.62195e-05,-0.000453062,4.99727e-05,0.00135441,0.00035267,0.00294409]]
vc = bioMatrix(10,names,values)
BIOGEME_OBJECT.VARCOVAR = vc
