# This file has automatically been generated
# biogeme 2.5 [Die Okt 4 11:31:19 CEST 2016]
# <a href='http://people.epfl.ch/michel.bierlaire'>Michel Bierlaire</a>, <a href='http://transp-or.epfl.ch'>Transport and Mobility Laboratory</a>, <a href='http://www.epfl.ch'>Ecole Polytechnique F&eacute;d&eacute;rale de Lausanne (EPFL)</a>
# Tue Nov 22 10:24:03 2016</p>
#
ASC_TRAIN = Beta('ASC_TRAIN',-0.168053,-10000,10000,0,'ASC_TRAIN' )

B_TRAIN_TIME = Beta('B_TRAIN_TIME',-0.0173685,-10000,10000,0,'B_TRAIN_TIME' )

B_COST_TRAIN = Beta('B_COST_TRAIN',0.0143844,-10000,10000,0,'B_COST_TRAIN' )

B_TYPE_COMMUNE = Beta('B_TYPE_COMMUNE',-0.124935,-10000,10000,0,'B_TYPE_COMMUNE' )

ASC_CAR = Beta('ASC_CAR',-0.253712,-10000,10000,0,'ASC_CAR' )

B_CAR_TIME = Beta('B_CAR_TIME',-0.0444061,-10000,10000,0,'B_CAR_TIME' )

B_COST_CAR = Beta('B_COST_CAR',0.0794639,-10000,10000,0,'B_COST_CAR' )

B_MALE_CAR = Beta('B_MALE_CAR',0.222774,-10000,10000,0,'B_MALE_CAR' )

ASC_WALK = Beta('ASC_WALK',0,-10000,10000,1,'ASC_WALK' )

B_WALK_DIST = Beta('B_WALK_DIST',-0.234496,-10000,10000,0,'B_WALK_DIST' )

B_TRIP_PURPOSE = Beta('B_TRIP_PURPOSE',-0.27217,-10000,10000,0,'B_TRIP_PURPOSE' )


## Code for the sensitivity analysis
names = ['ASC_CAR','ASC_TRAIN','B_CAR_TIME','B_COST_CAR','B_COST_TRAIN','B_MALE_CAR','B_TRAIN_TIME','B_TRIP_PURPOSE','B_TYPE_COMMUNE','B_WALK_DIST']
values = [[0.164731,0.15693,0.000449734,-0.000631518,0.000199201,-0.00674524,0.000143947,0.0229842,-0.000122803,0.0183592],[0.15693,0.180293,0.000352884,-0.0017728,-7.02079e-06,-0.000620767,2.0516e-05,0.0227656,-0.0038401,0.0174183],[0.000449734,0.000352884,0.000121146,-0.000415873,8.95577e-06,-0.00014351,2.13705e-05,1.22543e-05,3.60692e-05,0.000202623],[-0.000631518,-0.0017728,-0.000415873,0.00241889,0.000157452,0.000216818,-4.05573e-05,6.21848e-05,-0.00013071,-0.000435049],[0.000199201,-7.02079e-06,8.95577e-06,0.000157452,5.62413e-05,-2.67992e-05,3.79248e-06,5.31628e-05,5.43837e-07,5.51212e-05],[-0.00674524,-0.000620767,-0.00014351,0.000216818,-2.67992e-05,0.0110051,-3.3724e-05,-0.000236742,-0.000251274,-0.000474635],[0.000143947,2.0516e-05,2.13705e-05,-4.05573e-05,3.79248e-06,-3.3724e-05,6.25774e-06,-1.04903e-06,4.1844e-06,5.0487e-05],[0.0229842,0.0227656,1.22543e-05,6.21848e-05,5.31628e-05,-0.000236742,-1.04903e-06,0.00761647,2.00876e-05,0.00130533],[-0.000122803,-0.0038401,3.60692e-05,-0.00013071,5.43837e-07,-0.000251274,4.1844e-06,2.00876e-05,0.000744033,2.19979e-05],[0.0183592,0.0174183,0.000202623,-0.000435049,5.51212e-05,-0.000474635,5.0487e-05,0.00130533,2.19979e-05,0.00288663]]
vc = bioMatrix(10,names,values)
BIOGEME_OBJECT.VARCOVAR = vc
