# This file has automatically been generated
# biogeme 2.5 [Die Okt 4 11:31:19 CEST 2016]
# <a href='http://people.epfl.ch/michel.bierlaire'>Michel Bierlaire</a>, <a href='http://transp-or.epfl.ch'>Transport and Mobility Laboratory</a>, <a href='http://www.epfl.ch'>Ecole Polytechnique F&eacute;d&eacute;rale de Lausanne (EPFL)</a>
# Tue Nov 22 10:06:48 2016</p>
#
ASC_TRAIN = Beta('ASC_TRAIN',-0.153914,-10000,10000,0,'ASC_TRAIN' )

B_TRAIN_TIME = Beta('B_TRAIN_TIME',-0.0178121,-10000,10000,0,'B_TRAIN_TIME' )

B_COST_TRAIN = Beta('B_COST_TRAIN',0.0153004,-10000,10000,0,'B_COST_TRAIN' )

ASC_CAR = Beta('ASC_CAR',0.38919,-10000,10000,0,'ASC_CAR' )

B_CAR_TIME = Beta('B_CAR_TIME',-0.0429266,-10000,10000,0,'B_CAR_TIME' )

B_COST_CAR = Beta('B_COST_CAR',0.0720765,-10000,10000,0,'B_COST_CAR' )

B_MALE_CAR = Beta('B_MALE_CAR',0.201423,-10000,10000,0,'B_MALE_CAR' )

ASC_WALK = Beta('ASC_WALK',0,-10000,10000,1,'ASC_WALK' )

B_WALK_DIST = Beta('B_WALK_DIST',-0.226415,-10000,10000,0,'B_WALK_DIST' )

B_MALE_TRAIN = Beta('B_MALE_TRAIN',0.0381287,-10000,10000,0,'B_MALE_TRAIN' )


## Code for the sensitivity analysis
names = ['ASC_CAR','ASC_TRAIN','B_CAR_TIME','B_COST_CAR','B_COST_TRAIN','B_MALE_CAR','B_MALE_TRAIN','B_TRAIN_TIME','B_WALK_DIST']
values = [[0.115797,0.109293,0.000426984,-0.000743958,0.000110038,-0.00119495,0.0292395,0.000150618,0.016127],[0.109293,0.115434,0.000475936,-0.00240229,-9.61592e-05,0.0040463,0.0321659,4.44039e-05,0.0153801],[0.000426984,0.000475936,0.000110821,-0.000370794,1.02288e-05,-0.000131621,1.88024e-05,2.01591e-05,0.000191823],[-0.000743958,-0.00240229,-0.000370794,0.0021873,0.000148419,0.000163519,-0.000139627,-3.6148e-05,-0.000391184],[0.000110038,-9.61592e-05,1.02288e-05,0.000148419,5.53266e-05,-3.21084e-05,-8.80958e-06,3.94793e-06,5.77294e-05],[-0.00119495,0.0040463,-0.000131621,0.000163519,-3.21084e-05,0.0123363,0.00811143,-2.9613e-05,-9.01276e-05],[0.0292395,0.0321659,1.88024e-05,-0.000139627,-8.80958e-06,0.00811143,0.0457977,1.07614e-05,0.00210771],[0.000150618,4.44039e-05,2.01591e-05,-3.6148e-05,3.94793e-06,-2.9613e-05,1.07614e-05,6.08197e-06,4.928e-05],[0.016127,0.0153801,0.000191823,-0.000391184,5.77294e-05,-9.01276e-05,0.00210771,4.928e-05,0.00281863]]
vc = bioMatrix(9,names,values)
BIOGEME_OBJECT.VARCOVAR = vc
