# This file has automatically been generated
# biogeme 2.5 [Die Okt 4 11:31:19 CEST 2016]
# <a href='http://people.epfl.ch/michel.bierlaire'>Michel Bierlaire</a>, <a href='http://transp-or.epfl.ch'>Transport and Mobility Laboratory</a>, <a href='http://www.epfl.ch'>Ecole Polytechnique F&eacute;d&eacute;rale de Lausanne (EPFL)</a>
# Tue Nov 22 11:11:19 2016</p>
#
ASC_TRAIN = Beta('ASC_TRAIN',-0.792101,-10000,10000,0,'ASC_TRAIN' )

B_TRAIN_TIME = Beta('B_TRAIN_TIME',-0.0118442,-10000,10000,0,'B_TRAIN_TIME' )

B_COST_TRAIN = Beta('B_COST_TRAIN',-0.0555686,-10000,10000,0,'B_COST_TRAIN' )

B_LANG_CODE = Beta('B_LANG_CODE',1.16158,-10000,10000,0,'B_LANG_CODE' )

B_INCOME_OVER_PRICE1 = Beta('B_INCOME_OVER_PRICE1',-0.0171984,-10000,10000,0,'B_INCOME_OVER_PRICE1' )

ASC_CAR = Beta('ASC_CAR',1.61837,-10000,10000,0,'ASC_CAR' )

B_CAR_TIME = Beta('B_CAR_TIME',-0.0358115,-10000,10000,0,'B_CAR_TIME' )

B_COST_CAR = Beta('B_COST_CAR',-0.0214141,-10000,10000,0,'B_COST_CAR' )

B_CAR_AVAIL1 = Beta('B_CAR_AVAIL1',0.779256,-10000,10000,0,'B_CAR_AVAIL1' )

B_CAR_AVAIL2 = Beta('B_CAR_AVAIL2',-0.721344,-10000,10000,0,'B_CAR_AVAIL2' )

B_CAR_AVAIL3 = Beta('B_CAR_AVAIL3',-2.89821,-10000,10000,0,'B_CAR_AVAIL3' )

B_INCOME_OVER_PRICE2 = Beta('B_INCOME_OVER_PRICE2',-0.000393753,-10000,10000,0,'B_INCOME_OVER_PRICE2' )

ASC_WALK = Beta('ASC_WALK',0,-10000,10000,1,'ASC_WALK' )

B_WALK_DIST = Beta('B_WALK_DIST',-0.241893,-10000,10000,0,'B_WALK_DIST' )

B_TRIP_PURPOSE = Beta('B_TRIP_PURPOSE',-0.231281,-10000,10000,0,'B_TRIP_PURPOSE' )


## Code for the sensitivity analysis
names = ['ASC_CAR','ASC_TRAIN','B_CAR_AVAIL1','B_CAR_AVAIL2','B_CAR_AVAIL3','B_CAR_TIME','B_COST_CAR','B_COST_TRAIN','B_INCOME_OVER_PRICE1','B_INCOME_OVER_PRICE2','B_LANG_CODE','B_TRAIN_TIME','B_TRIP_PURPOSE','B_WALK_DIST']
values = [[0.294445,0.173085,-0.0436971,-0.0483656,-0.0445297,0.000777173,-0.00112551,0.000690456,-0.000777454,-0.000912138,0.0407928,0.000233025,0.0232223,0.0210633],[0.173085,0.172206,-0.00558402,-0.00368381,-0.000302365,0.000513428,-0.0019426,0.000191891,-0.000542082,-0.00123231,0.000707415,4.7648e-05,0.0229033,0.0191453],[-0.0436971,-0.00558402,0.0476723,0.0434512,0.0438524,5.26187e-06,-0.000544875,-0.000283375,0.000817426,0.000365121,0.00282301,-7.86385e-06,-0.0002881,-0.000908567],[-0.0483656,-0.00368381,0.0434512,0.0686791,0.0437954,-0.000259622,9.38858e-05,-0.000394505,0.000778932,0.000339166,-4.71517e-05,-8.02485e-05,-0.000624298,-0.00100305],[-0.0445297,-0.000302365,0.0438524,0.0437954,0.194117,0.00019101,-0.00124139,-0.000471129,0.0012287,0.00143497,-0.00127061,6.61125e-05,-0.000899469,0.000610665],[0.000777173,0.000513428,5.26187e-06,-0.000259622,0.00019101,0.00010988,-0.000337894,4.88159e-05,5.53958e-05,8.67016e-05,0.000133981,2.09171e-05,4.5799e-05,0.000207082],[-0.00112551,-0.0019426,-0.000544875,9.38858e-05,-0.00124139,-0.000337894,0.00183103,-1.65922e-05,-0.000185412,-0.000406303,-0.000612444,-2.09092e-05,-0.000145023,-0.000342128],[0.000690456,0.000191891,-0.000283375,-0.000394505,-0.000471129,4.88159e-05,-1.65922e-05,0.000100539,1.81086e-05,-8.09766e-06,3.87612e-05,1.07146e-05,1.62344e-05,0.000133096],[-0.000777454,-0.000542082,0.000817426,0.000778932,0.0012287,5.53958e-05,-0.000185412,1.81086e-05,0.00032208,0.000564046,0.000187173,1.35999e-05,6.23192e-05,5.78519e-06],[-0.000912138,-0.00123231,0.000365121,0.000339166,0.00143497,8.67016e-05,-0.000406303,-8.09766e-06,0.000564046,0.0014209,0.000267998,2.05894e-05,0.000113786,-8.13395e-05],[0.0407928,0.000707415,0.00282301,-4.71517e-05,-0.00127061,0.000133981,-0.000612444,3.87612e-05,0.000187173,0.000267998,0.0235706,6.53873e-06,4.43787e-06,0.000124788],[0.000233025,4.7648e-05,-7.86385e-06,-8.02485e-05,6.61125e-05,2.09171e-05,-2.09092e-05,1.07146e-05,1.35999e-05,2.05894e-05,6.53873e-06,7.74077e-06,9.61599e-06,6.00835e-05],[0.0232223,0.0229033,-0.0002881,-0.000624298,-0.000899469,4.5799e-05,-0.000145023,1.62344e-05,6.23192e-05,0.000113786,4.43787e-06,9.61599e-06,0.00820594,0.00114477],[0.0210633,0.0191453,-0.000908567,-0.00100305,0.000610665,0.000207082,-0.000342128,0.000133096,5.78519e-06,-8.13395e-05,0.000124788,6.00835e-05,0.00114477,0.00323008]]
vc = bioMatrix(14,names,values)
BIOGEME_OBJECT.VARCOVAR = vc
