# This file has automatically been generated
# biogeme 2.5 [Die Okt 4 11:31:19 CEST 2016]
# <a href='http://people.epfl.ch/michel.bierlaire'>Michel Bierlaire</a>, <a href='http://transp-or.epfl.ch'>Transport and Mobility Laboratory</a>, <a href='http://www.epfl.ch'>Ecole Polytechnique F&eacute;d&eacute;rale de Lausanne (EPFL)</a>
# Tue Nov 22 10:26:38 2016</p>
#
ASC_TRAIN = Beta('ASC_TRAIN',-0.899111,-10000,10000,0,'ASC_TRAIN' )

B_TRAIN_TIME = Beta('B_TRAIN_TIME',-0.0173327,-10000,10000,0,'B_TRAIN_TIME' )

B_COST_TRAIN = Beta('B_COST_TRAIN',0.0146628,-10000,10000,0,'B_COST_TRAIN' )

B_TYPE_COMMUNE_TRAIN = Beta('B_TYPE_COMMUNE_TRAIN',0.0154361,-10000,10000,0,'B_TYPE_COMMUNE_TRAIN' )

ASC_CAR = Beta('ASC_CAR',-1.07393,-10000,10000,0,'ASC_CAR' )

B_CAR_TIME = Beta('B_CAR_TIME',-0.0442515,-10000,10000,0,'B_CAR_TIME' )

B_COST_CAR = Beta('B_COST_CAR',0.0797427,-10000,10000,0,'B_COST_CAR' )

B_MALE_CAR = Beta('B_MALE_CAR',0.237793,-10000,10000,0,'B_MALE_CAR' )

B_TYPE_COMMUNE_CAR = Beta('B_TYPE_COMMUNE_CAR',0.155258,-10000,10000,0,'B_TYPE_COMMUNE_CAR' )

ASC_WALK = Beta('ASC_WALK',0,-10000,10000,1,'ASC_WALK' )

B_WALK_DIST = Beta('B_WALK_DIST',-0.235333,-10000,10000,0,'B_WALK_DIST' )

B_TRIP_PURPOSE = Beta('B_TRIP_PURPOSE',-0.282999,-10000,10000,0,'B_TRIP_PURPOSE' )


## Code for the sensitivity analysis
names = ['ASC_CAR','ASC_TRAIN','B_CAR_TIME','B_COST_CAR','B_COST_TRAIN','B_MALE_CAR','B_TRAIN_TIME','B_TRIP_PURPOSE','B_TYPE_COMMUNE_CAR','B_TYPE_COMMUNE_TRAIN','B_WALK_DIST']
values = [[0.250495,0.234993,0.000467119,-0.000960049,0.00012719,-0.00690869,0.00014293,0.023613,-0.0138535,-0.0124836,0.0213119],[0.234993,0.25232,0.000374941,-0.0021388,-7.84108e-05,-0.0007034,1.68009e-05,0.0235784,-0.0126349,-0.0152275,0.0202433],[0.000467119,0.000374941,0.000121323,-0.000418743,8.47958e-06,-0.00014667,2.13224e-05,1.36094e-05,-1.06253e-06,3.43664e-05,0.000205435],[-0.000960049,-0.0021388,-0.000418743,0.00242725,0.000154737,0.000216584,-4.07258e-05,6.60435e-06,3.5473e-05,-8.70829e-05,-0.000445351],[0.00012719,-7.84108e-05,8.47958e-06,0.000154737,5.45907e-05,-2.82855e-05,3.713e-06,3.54372e-05,4.75389e-06,5.83306e-06,5.33411e-05],[-0.00690869,-0.0007034,-0.00014667,0.000216584,-2.82855e-05,0.0111035,-3.4774e-05,-0.000215007,-1.19776e-05,-0.000275597,-0.000483234],[0.00014293,1.68009e-05,2.13224e-05,-4.07258e-05,3.713e-06,-3.4774e-05,6.23271e-06,-7.53997e-07,1.27991e-06,6.06712e-06,5.15256e-05],[0.023613,0.0235784,1.36094e-05,6.60435e-06,3.54372e-05,-0.000215007,-7.53997e-07,0.00750264,2.9799e-05,2.57378e-05,0.00147353],[-0.0138535,-0.0126349,-1.06253e-06,3.5473e-05,4.75389e-06,-1.19776e-05,1.27991e-06,2.9799e-05,0.00248014,0.00223759,-0.000317087],[-0.0124836,-0.0152275,3.43664e-05,-8.70829e-05,5.83306e-06,-0.000275597,6.06712e-06,2.57378e-05,0.00223759,0.00277046,-0.000275358],[0.0213119,0.0202433,0.000205435,-0.000445351,5.33411e-05,-0.000483234,5.15256e-05,0.00147353,-0.000317087,-0.000275358,0.00308604]]
vc = bioMatrix(11,names,values)
BIOGEME_OBJECT.VARCOVAR = vc
