# This file has automatically been generated
# biogeme 2.5 [Die Okt 4 11:31:19 CEST 2016]
# <a href='http://people.epfl.ch/michel.bierlaire'>Michel Bierlaire</a>, <a href='http://transp-or.epfl.ch'>Transport and Mobility Laboratory</a>, <a href='http://www.epfl.ch'>Ecole Polytechnique F&eacute;d&eacute;rale de Lausanne (EPFL)</a>
# Tue Nov 22 11:09:59 2016</p>
#
ASC_TRAIN = Beta('ASC_TRAIN',0,-10000,10000,0,'ASC_TRAIN' )

B_TRAIN_TIME = Beta('B_TRAIN_TIME',0,-10000,10000,0,'B_TRAIN_TIME' )

B_COST_TRAIN = Beta('B_COST_TRAIN',0,-10000,10000,0,'B_COST_TRAIN' )

B_LANG_CODE = Beta('B_LANG_CODE',0,-10000,10000,0,'B_LANG_CODE' )

B_INCOME_OVER_PRICE1 = Beta('B_INCOME_OVER_PRICE1',0,-10000,10000,0,'B_INCOME_OVER_PRICE1' )

ASC_CAR = Beta('ASC_CAR',0,-10000,10000,0,'ASC_CAR' )

B_CAR_TIME = Beta('B_CAR_TIME',0,-10000,10000,0,'B_CAR_TIME' )

B_COST_CAR = Beta('B_COST_CAR',0,-10000,10000,0,'B_COST_CAR' )

B_CAR_AVAIL1 = Beta('B_CAR_AVAIL1',0,-10000,10000,0,'B_CAR_AVAIL1' )

B_CAR_AVAIL2 = Beta('B_CAR_AVAIL2',0,-10000,10000,0,'B_CAR_AVAIL2' )

B_CAR_AVAIL3 = Beta('B_CAR_AVAIL3',0,-10000,10000,0,'B_CAR_AVAIL3' )

B_INCOME_OVER_PRICE2 = Beta('B_INCOME_OVER_PRICE2',0,-10000,10000,0,'B_INCOME_OVER_PRICE2' )

ASC_WALK = Beta('ASC_WALK',0,-10000,10000,1,'ASC_WALK' )

B_WALK_DIST = Beta('B_WALK_DIST',0,-10000,10000,0,'B_WALK_DIST' )

B_TRIP_PURPOSE = Beta('B_TRIP_PURPOSE',0,-10000,10000,0,'B_TRIP_PURPOSE' )


## Code for the sensitivity analysis
names = ['ASC_CAR','ASC_TRAIN','B_CAR_AVAIL1','B_CAR_AVAIL2','B_CAR_AVAIL3','B_CAR_TIME','B_COST_CAR','B_COST_TRAIN','B_INCOME_OVER_PRICE1','B_INCOME_OVER_PRICE2','B_LANG_CODE','B_TRAIN_TIME','B_TRIP_PURPOSE','B_WALK_DIST']
values = [[0.125274,0.00742036,-0.0539699,-0.0531625,-0.0510426,-0.000194653,0.000867488,3.45113e-05,-0.00127801,-0.00011836,0.0362429,-2.41068e-05,0.001938,-8.1259e-06],[0.00742036,0.0168822,-0.00107866,-0.00189167,-0.00345557,-3.99196e-05,-5.11527e-05,-3.44704e-05,-0.00567933,3.08429e-05,0.000188793,-6.8174e-05,0.00244657,-3.57461e-05],[-0.0539699,-0.00107866,0.0606756,0.055697,0.0555277,8.79112e-06,-0.000112132,-1.07077e-05,0.00108063,-0.00017817,0.000272599,7.62672e-06,7.88198e-05,1.1695e-06],[-0.0531625,-0.00189167,0.055697,0.0768698,0.0553502,-5.13397e-05,0.000114268,-1.43886e-05,0.00138813,-0.000161224,0.000429609,6.73553e-06,-0.000110905,2.37846e-06],[-0.0510426,-0.00345557,0.0555277,0.0553502,0.0809873,1.01344e-05,-7.39977e-05,1.19021e-05,0.000987349,-0.000152489,0.00268471,9.81701e-06,-0.000102957,1.48751e-06],[-0.000194653,-3.99196e-05,8.79112e-06,-5.13397e-05,1.01344e-05,1.97606e-05,-0.000104379,-1.47017e-07,-1.64569e-06,6.22637e-06,2.06901e-05,2.45426e-07,-5.25282e-06,2.53212e-07],[0.000867488,-5.11527e-05,-0.000112132,0.000114268,-7.39977e-05,-0.000104379,0.000664385,6.77958e-06,1.80269e-05,-2.33818e-05,-3.59349e-05,2.97949e-06,4.11984e-07,9.74662e-06],[3.45113e-05,-3.44704e-05,-1.07077e-05,-1.43886e-05,1.19021e-05,-1.47017e-07,6.77958e-06,1.71216e-05,5.80717e-05,9.98754e-07,1.11555e-05,-1.57451e-06,5.84241e-06,1.02677e-06],[-0.00127801,-0.00567933,0.00108063,0.00138813,0.000987349,-1.64569e-06,1.80269e-05,5.80717e-05,0.00587813,7.02672e-05,-0.0001295,1.29161e-05,2.81107e-05,2.5229e-06],[-0.00011836,3.08429e-05,-0.00017817,-0.000161224,-0.000152489,6.22637e-06,-2.33818e-05,9.98754e-07,7.02672e-05,6.55498e-05,6.34947e-07,-2.68828e-07,7.8897e-06,1.63327e-07],[0.0362429,0.000188793,0.000272599,0.000429609,0.00268471,2.06901e-05,-3.59349e-05,1.11555e-05,-0.0001295,6.34947e-07,0.0208123,1.129e-06,-2.05277e-05,5.0491e-06],[-2.41068e-05,-6.8174e-05,7.62672e-06,6.73553e-06,9.81701e-06,2.45426e-07,2.97949e-06,-1.57451e-06,1.29161e-05,-2.68828e-07,1.129e-06,7.67464e-07,-5.88596e-06,5.82877e-07],[0.001938,0.00244657,7.88198e-05,-0.000110905,-0.000102957,-5.25282e-06,4.11984e-07,5.84241e-06,2.81107e-05,7.8897e-06,-2.05277e-05,-5.88596e-06,0.00100694,-3.36756e-06],[-8.1259e-06,-3.57461e-05,1.1695e-06,2.37846e-06,1.48751e-06,2.53212e-07,9.74662e-06,1.02677e-06,2.5229e-06,1.63327e-07,5.0491e-06,5.82877e-07,-3.36756e-06,1.52891e-06]]
vc = bioMatrix(14,names,values)
BIOGEME_OBJECT.VARCOVAR = vc
