# This file has automatically been generated
# biogeme 2.5 [Die Okt 4 11:31:19 CEST 2016]
# <a href='http://people.epfl.ch/michel.bierlaire'>Michel Bierlaire</a>, <a href='http://transp-or.epfl.ch'>Transport and Mobility Laboratory</a>, <a href='http://www.epfl.ch'>Ecole Polytechnique F&eacute;d&eacute;rale de Lausanne (EPFL)</a>
# Tue Nov 22 11:18:53 2016</p>
#
ASC_TRAIN = Beta('ASC_TRAIN',-0.81277,-10000,10000,0,'ASC_TRAIN' )

B_TRAIN_TIME = Beta('B_TRAIN_TIME',-0.0113542,-10000,10000,0,'B_TRAIN_TIME' )

B_COST_TRAIN = Beta('B_COST_TRAIN',-0.0570203,-10000,10000,0,'B_COST_TRAIN' )

B_LANG_CODE = Beta('B_LANG_CODE',1.08368,-10000,10000,0,'B_LANG_CODE' )

ASC_CAR = Beta('ASC_CAR',1.20598,-10000,10000,0,'ASC_CAR' )

B_CAR_TIME = Beta('B_CAR_TIME',-0.0346937,-10000,10000,0,'B_CAR_TIME' )

B_COST_CAR = Beta('B_COST_CAR',-0.0227698,-10000,10000,0,'B_COST_CAR' )

B_CAR_AVAIL1 = Beta('B_CAR_AVAIL1',0.729403,-10000,10000,0,'B_CAR_AVAIL1' )

B_CAR_AVAIL2 = Beta('B_CAR_AVAIL2',-0.846568,-10000,10000,0,'B_CAR_AVAIL2' )

B_CAR_AVAIL3 = Beta('B_CAR_AVAIL3',-2.99986,-10000,10000,0,'B_CAR_AVAIL3' )

B_FreqCarPar1 = Beta('B_FreqCarPar1',0.0250385,-10000,10000,0,'B_FreqCarPar1' )

B_FreqCarPar2 = Beta('B_FreqCarPar2',0.437038,-10000,10000,0,'B_FreqCarPar2' )

B_FreqCarPar3 = Beta('B_FreqCarPar3',0.540182,-10000,10000,0,'B_FreqCarPar3' )

B_FreqCarPar4 = Beta('B_FreqCarPar4',0.530989,-10000,10000,0,'B_FreqCarPar4' )

ASC_WALK = Beta('ASC_WALK',0,-10000,10000,1,'ASC_WALK' )

B_WALK_DIST = Beta('B_WALK_DIST',-0.240361,-10000,10000,0,'B_WALK_DIST' )

B_TRIP_PURPOSE = Beta('B_TRIP_PURPOSE',-0.238715,-10000,10000,0,'B_TRIP_PURPOSE' )


## Code for the sensitivity analysis
names = ['ASC_CAR','ASC_TRAIN','B_CAR_AVAIL1','B_CAR_AVAIL2','B_CAR_AVAIL3','B_CAR_TIME','B_COST_CAR','B_COST_TRAIN','B_FreqCarPar1','B_FreqCarPar2','B_FreqCarPar3','B_FreqCarPar4','B_LANG_CODE','B_TRAIN_TIME','B_TRIP_PURPOSE','B_WALK_DIST']
values = [[0.317373,0.17795,-0.0357612,-0.0379106,-0.0343673,0.000898603,-0.00130365,0.000686038,-0.016794,-0.0127947,-0.017861,-0.0283124,0.045691,0.000277185,0.0236918,0.0221294],[0.17795,0.17269,-0.00287569,-0.0007822,0.00409667,0.000541245,-0.00227622,0.000116423,-0.00468376,-0.00329223,-0.00393442,-0.00882454,0.00214536,5.35258e-05,0.0223775,0.0194301],[-0.0357612,-0.00287569,0.0570498,0.0546689,0.0512049,-0.000194919,-0.000317892,-0.000420813,-0.0177651,-0.0197222,-0.0189949,-0.0167164,0.00282134,-7.22949e-05,-0.00058316,-0.00087032],[-0.0379106,-0.0007822,0.0546689,0.0840358,0.0538129,-0.000464474,0.000347458,-0.00051969,-0.0189116,-0.0213901,-0.0250657,-0.020263,0.000679696,-0.000146099,-0.000852572,-0.000918967],[-0.0343673,0.00409667,0.0512049,0.0538129,0.201219,-2.08415e-05,-0.000660946,-0.000544158,-0.0107699,-0.0192817,-0.0181856,-0.0175242,-0.000992116,5.80356e-06,-0.00125298,0.000965233],[0.000898603,0.000541245,-0.000194919,-0.000464474,-2.08415e-05,0.000105974,-0.000314485,5.52476e-05,0.000154922,-8.06329e-06,0.000145979,-8.97896e-05,0.000130883,1.95237e-05,4.35787e-05,0.000203669],[-0.00130365,-0.00227622,-0.000317892,0.000347458,-0.000660946,-0.000314485,0.00170279,-3.76664e-05,-0.000469782,0.000534945,-0.000302318,0.000180593,-0.000494559,-1.42857e-05,-0.00012347,-0.000362258],[0.000686038,0.000116423,-0.000420813,-0.00051969,-0.000544158,5.52476e-05,-3.76664e-05,0.00010702,0.000103378,0.000190346,7.65891e-05,6.74426e-05,5.41782e-05,1.18124e-05,2.11813e-05,0.000129036],[-0.016794,-0.00468376,-0.0177651,-0.0189116,-0.0107699,0.000154922,-0.000469782,0.000103378,0.0417594,0.0282926,0.0284636,0.0274639,-0.000494107,2.47998e-05,0.000238482,-0.000907655],[-0.0127947,-0.00329223,-0.0197222,-0.0213901,-0.0192817,-8.06329e-06,0.000534945,0.000190346,0.0282926,0.0480638,0.0290707,0.0282285,-0.00054081,1.90375e-05,0.000722052,-0.000753645],[-0.017861,-0.00393442,-0.0189949,-0.0250657,-0.0181856,0.000145979,-0.000302318,7.65891e-05,0.0284636,0.0290707,0.0421307,0.0289887,-0.00256808,4.42073e-05,-0.000513998,-0.00037905],[-0.0283124,-0.00882454,-0.0167164,-0.020263,-0.0175242,-8.97896e-05,0.000180593,6.74426e-05,0.0274639,0.0282285,0.0289887,0.0470139,-0.00446392,-2.6224e-05,-0.00101957,-0.0013875],[0.045691,0.00214536,0.00282134,0.000679696,-0.000992116,0.000130883,-0.000494559,5.41782e-05,-0.000494107,-0.00054081,-0.00256808,-0.00446392,0.024624,9.19313e-06,0.000396242,0.000232719],[0.000277185,5.35258e-05,-7.22949e-05,-0.000146099,5.80356e-06,1.95237e-05,-1.42857e-05,1.18124e-05,2.47998e-05,1.90375e-05,4.42073e-05,-2.6224e-05,9.19313e-06,7.2811e-06,7.95795e-06,5.81355e-05],[0.0236918,0.0223775,-0.00058316,-0.000852572,-0.00125298,4.35787e-05,-0.00012347,2.11813e-05,0.000238482,0.000722052,-0.000513998,-0.00101957,0.000396242,7.95795e-06,0.00811401,0.001081],[0.0221294,0.0194301,-0.00087032,-0.000918967,0.000965233,0.000203669,-0.000362258,0.000129036,-0.000907655,-0.000753645,-0.00037905,-0.0013875,0.000232719,5.81355e-05,0.001081,0.00327595]]
vc = bioMatrix(16,names,values)
BIOGEME_OBJECT.VARCOVAR = vc
