# This file has automatically been generated
# biogeme 2.5 [Die Okt 4 11:31:19 CEST 2016]
# <a href='http://people.epfl.ch/michel.bierlaire'>Michel Bierlaire</a>, <a href='http://transp-or.epfl.ch'>Transport and Mobility Laboratory</a>, <a href='http://www.epfl.ch'>Ecole Polytechnique F&eacute;d&eacute;rale de Lausanne (EPFL)</a>
# Tue Nov 22 10:33:04 2016</p>
#
ASC_TRAIN = Beta('ASC_TRAIN',-0.83333,-10000,10000,0,'ASC_TRAIN' )

B_TRAIN_TIME = Beta('B_TRAIN_TIME',-0.0163681,-10000,10000,0,'B_TRAIN_TIME' )

B_COST_TRAIN = Beta('B_COST_TRAIN',0.0131699,-10000,10000,0,'B_COST_TRAIN' )

B_LANG_CODE = Beta('B_LANG_CODE',1.29533,-10000,10000,0,'B_LANG_CODE' )

ASC_CAR = Beta('ASC_CAR',1.0804,-10000,10000,0,'ASC_CAR' )

B_CAR_TIME = Beta('B_CAR_TIME',-0.0403394,-10000,10000,0,'B_CAR_TIME' )

B_COST_CAR = Beta('B_COST_CAR',0.0653453,-10000,10000,0,'B_COST_CAR' )

B_MALE_CAR = Beta('B_MALE_CAR',0.274094,-10000,10000,0,'B_MALE_CAR' )

B_TYPE_COMMUNE_CAR = Beta('B_TYPE_COMMUNE_CAR',0.182246,-10000,10000,0,'B_TYPE_COMMUNE_CAR' )

ASC_WALK = Beta('ASC_WALK',0,-10000,10000,1,'ASC_WALK' )

B_WALK_DIST = Beta('B_WALK_DIST',-0.231528,-10000,10000,0,'B_WALK_DIST' )

B_TRIP_PURPOSE = Beta('B_TRIP_PURPOSE',-0.264436,-10000,10000,0,'B_TRIP_PURPOSE' )


## Code for the sensitivity analysis
names = ['ASC_CAR','ASC_TRAIN','B_CAR_TIME','B_COST_CAR','B_COST_TRAIN','B_LANG_CODE','B_MALE_CAR','B_TRAIN_TIME','B_TRIP_PURPOSE','B_TYPE_COMMUNE_CAR','B_WALK_DIST']
values = [[0.241779,0.16002,0.000481637,-0.00136775,7.14738e-05,0.0334977,-0.00598374,0.000125298,0.0223974,-0.00262201,0.0188984],[0.16002,0.162271,0.000498035,-0.00244181,-6.10267e-05,-3.90401e-05,-0.0018604,3.821e-05,0.0220036,-0.000397992,0.0179529],[0.000481637,0.000498035,0.000109487,-0.000370059,9.5656e-06,-2.5725e-05,-0.000145237,2.01132e-05,5.54556e-06,-1.68043e-05,0.000191926],[-0.00136775,-0.00244181,-0.000370059,0.00225995,0.000162464,-0.000117335,0.000185648,-3.39064e-05,2.40745e-05,9.35094e-05,-0.000376196],[7.14738e-05,-6.10267e-05,9.5656e-06,0.000162464,5.84576e-05,-3.98466e-05,-3.30623e-05,4.15907e-06,3.08375e-05,1.56739e-06,6.01161e-05],[0.0334977,-3.90401e-05,-2.5725e-05,-0.000117335,-3.98466e-05,0.0209634,0.00114682,-1.14135e-05,0.000253149,0.000807603,-0.00011427],[-0.00598374,-0.0018604,-0.000145237,0.000185648,-3.30623e-05,0.00114682,0.0117267,-3.53169e-05,-0.000269345,0.000214033,-0.000442048],[0.000125298,3.821e-05,2.01132e-05,-3.39064e-05,4.15907e-06,-1.14135e-05,-3.53169e-05,6.31564e-06,-1.96125e-06,1.09664e-06,5.03061e-05],[0.0223974,0.0220036,5.54556e-06,2.40745e-05,3.08375e-05,0.000253149,-0.000269345,-1.96125e-06,0.00749182,3.38896e-05,0.00116702],[-0.00262201,-0.000397992,-1.68043e-05,9.35094e-05,1.56739e-06,0.000807603,0.000214033,1.09664e-06,3.38896e-05,0.000745458,-5.96803e-05],[0.0188984,0.0179529,0.000191926,-0.000376196,6.01161e-05,-0.00011427,-0.000442048,5.03061e-05,0.00116702,-5.96803e-05,0.00298625]]
vc = bioMatrix(11,names,values)
BIOGEME_OBJECT.VARCOVAR = vc
