# This file has automatically been generated
# biogeme 2.5 [Die Okt 4 11:31:19 CEST 2016]
# <a href='http://people.epfl.ch/michel.bierlaire'>Michel Bierlaire</a>, <a href='http://transp-or.epfl.ch'>Transport and Mobility Laboratory</a>, <a href='http://www.epfl.ch'>Ecole Polytechnique F&eacute;d&eacute;rale de Lausanne (EPFL)</a>
# Tue Nov 22 11:03:25 2016</p>
#
ASC_TRAIN = Beta('ASC_TRAIN',-0.885706,-10000,10000,0,'ASC_TRAIN' )

B_TRAIN_TIME = Beta('B_TRAIN_TIME',-0.0161522,-10000,10000,0,'B_TRAIN_TIME' )

B_COST_TRAIN = Beta('B_COST_TRAIN',0.0157628,-10000,10000,0,'B_COST_TRAIN' )

B_LANG_CODE = Beta('B_LANG_CODE',1.24256,-10000,10000,0,'B_LANG_CODE' )

ASC_CAR = Beta('ASC_CAR',1.75977,-10000,10000,0,'ASC_CAR' )

B_CAR_TIME = Beta('B_CAR_TIME',-0.0351922,-10000,10000,0,'B_CAR_TIME' )

B_COST_CAR = Beta('B_COST_CAR',0.0482987,-10000,10000,0,'B_COST_CAR' )

B_CAR_AVAIL1 = Beta('B_CAR_AVAIL1',0.69542,-10000,10000,0,'B_CAR_AVAIL1' )

B_CAR_AVAIL2 = Beta('B_CAR_AVAIL2',-0.912545,-10000,10000,0,'B_CAR_AVAIL2' )

B_CAR_AVAIL3 = Beta('B_CAR_AVAIL3',-3.25716,-10000,10000,0,'B_CAR_AVAIL3' )

ASC_WALK = Beta('ASC_WALK',0,-10000,10000,1,'ASC_WALK' )

B_WALK_DIST = Beta('B_WALK_DIST',-0.234589,-10000,10000,0,'B_WALK_DIST' )

B_TRIP_PURPOSE = Beta('B_TRIP_PURPOSE',-0.249512,-10000,10000,0,'B_TRIP_PURPOSE' )


## Code for the sensitivity analysis
names = ['ASC_CAR','ASC_TRAIN','B_CAR_AVAIL1','B_CAR_AVAIL2','B_CAR_AVAIL3','B_CAR_TIME','B_COST_CAR','B_COST_TRAIN','B_LANG_CODE','B_TRAIN_TIME','B_TRIP_PURPOSE','B_WALK_DIST']
values = [[0.287778,0.173898,-0.0391625,-0.0429995,-0.0371758,0.000439589,-0.00100604,0.000122592,0.0396848,0.00014175,0.0241962,0.0201914],[0.173898,0.174259,-0.00495647,-0.00278054,0.00640152,0.000557481,-0.00239437,-2.13155e-05,0.0005607,6.51014e-05,0.0241129,0.0191294],[-0.0391625,-0.00495647,0.0412256,0.0368153,0.0358729,-2.12315e-06,-0.00011647,2.80449e-05,0.00195061,-2.01571e-05,-0.000394981,-0.00078673],[-0.0429995,-0.00278054,0.0368153,0.0627313,0.0357109,-0.000279046,0.000343793,-0.000133256,-0.0008702,-8.48915e-05,-0.000735938,-0.000885121],[-0.0371758,0.00640152,0.0358729,0.0357109,0.209801,0.000355463,-0.0013736,-0.000126765,-0.0048691,0.000101686,-0.000260419,0.00161448],[0.000439589,0.000557481,-2.12315e-06,-0.000279046,0.000355463,0.000114599,-0.000363792,1.78891e-05,-6.76544e-06,2.08346e-05,2.92549e-05,0.0002035],[-0.00100604,-0.00239437,-0.00011647,0.000343793,-0.0013736,-0.000363792,0.00217446,0.000170435,-0.000281614,-3.73503e-05,-2.14635e-05,-0.000372697],[0.000122592,-2.13155e-05,2.80449e-05,-0.000133256,-0.000126765,1.78891e-05,0.000170435,7.6909e-05,-1.87468e-05,4.48912e-06,5.50635e-05,7.18396e-05],[0.0396848,0.0005607,0.00195061,-0.0008702,-0.0048691,-6.76544e-06,-0.000281614,-1.87468e-05,0.0227232,-2.48514e-05,-5.77123e-05,-0.000113531],[0.00014175,6.51014e-05,-2.01571e-05,-8.48915e-05,0.000101686,2.08346e-05,-3.73503e-05,4.48912e-06,-2.48514e-05,6.32913e-06,-5.67707e-07,5.40813e-05],[0.0241962,0.0241129,-0.000394981,-0.000735938,-0.000260419,2.92549e-05,-2.14635e-05,5.50635e-05,-5.77123e-05,-5.67707e-07,0.00853454,0.00122079],[0.0201914,0.0191294,-0.00078673,-0.000885121,0.00161448,0.0002035,-0.000372697,7.18396e-05,-0.000113531,5.40813e-05,0.00122079,0.00315139]]
vc = bioMatrix(12,names,values)
BIOGEME_OBJECT.VARCOVAR = vc
